 Year  Month      TREFHT (K)     PRECC (m/s)     PRECL (m/s)    PRECSC (m/s)    PRECSL (m/s)
 2015      1 +2.86078186e+02 +1.50205022e-08 +2.05448334e-08 +4.61784951e-11 +2.72014411e-09
 2015      2 +2.86141754e+02 +1.54270676e-08 +2.02440766e-08 +3.29948464e-11 +2.74180456e-09
 2015      3 +2.86772278e+02 +1.57136277e-08 +1.94015950e-08 +3.78367546e-11 +2.71623080e-09
 2015      4 +2.87500244e+02 +1.59571005e-08 +1.89828153e-08 +5.70589201e-11 +2.79010526e-09
 2015      5 +2.88563477e+02 +1.58398628e-08 +1.98833821e-08 +5.22965456e-11 +2.25467001e-09
 2015      6 +2.89172577e+02 +1.62960809e-08 +1.96024725e-08 +3.29195490e-11 +1.91183736e-09
 2015      7 +2.89664825e+02 +1.62721960e-08 +1.95766745e-08 +4.87565058e-11 +1.83393423e-09
 2015      8 +2.89454132e+02 +1.61114926e-08 +1.88818650e-08 +3.98889220e-11 +1.85389804e-09
 2015      9 +2.88910645e+02 +1.53222715e-08 +1.91560812e-08 +3.30358380e-11 +2.17606710e-09
 2015     10 +2.87843597e+02 +1.44239598e-08 +1.95638972e-08 +3.76543137e-11 +2.52727284e-09
 2015     11 +2.86734161e+02 +1.55239199e-08 +1.93968628e-08 +2.86289412e-11 +2.72123546e-09
 2015     12 +2.85909760e+02 +1.47247192e-08 +2.02224921e-08 +3.58810967e-11 +2.62881761e-09
 2016      1 +2.85416382e+02 +1.51029802e-08 +1.96964880e-08 +3.81777665e-11 +2.59718846e-09
 2016      2 +2.85989380e+02 +1.58490856e-08 +2.02914094e-08 +4.22892381e-11 +2.77675172e-09
 2016      3 +2.86644623e+02 +1.54704889e-08 +1.97971310e-08 +5.35692012e-11 +3.00958902e-09
 2016      4 +2.87486420e+02 +1.52724802e-08 +1.89799270e-08 +6.78947662e-11 +2.65366751e-09
 2016      5 +2.88411255e+02 +1.63785572e-08 +1.88609146e-08 +4.46337203e-11 +2.26919683e-09
 2016      6 +2.89238342e+02 +1.63299596e-08 +1.97440215e-08 +4.03627583e-11 +1.79272863e-09
 2016      7 +2.89754425e+02 +1.65228986e-08 +1.95895922e-08 +4.61869987e-11 +1.85013349e-09
 2016      8 +2.89708832e+02 +1.63306471e-08 +1.93624654e-08 +3.73159663e-11 +1.88040761e-09
 2016      9 +2.88964722e+02 +1.52321746e-08 +1.91695833e-08 +2.84429529e-11 +2.07427320e-09
 2016     10 +2.87975525e+02 +1.50266910e-08 +1.89086009e-08 +3.39715547e-11 +2.32976261e-09
 2016     11 +2.87114807e+02 +1.50312687e-08 +2.04351753e-08 +3.21233526e-11 +2.53892019e-09
 2016     12 +2.86048065e+02 +1.53508832e-08 +1.97269365e-08 +3.75551916e-11 +2.71145639e-09
 2017      1 +2.85834106e+02 +1.48407038e-08 +2.03535730e-08 +3.92185243e-11 +2.38488695e-09
 2017      2 +2.86236176e+02 +1.50080268e-08 +2.04656416e-08 +4.07905792e-11 +2.67189626e-09
 2017      3 +2.86716858e+02 +1.55590936e-08 +1.97997032e-08 +3.75144499e-11 +2.70811973e-09
 2017      4 +2.87624756e+02 +1.55698299e-08 +1.91317095e-08 +5.51995706e-11 +2.69290745e-09
 2017      5 +2.88499878e+02 +1.60053411e-08 +1.92962162e-08 +4.36630870e-11 +2.25625452e-09
 2017      6 +2.89109650e+02 +1.59347042e-08 +1.96724788e-08 +6.67088815e-11 +1.82774851e-09
 2017      7 +2.89657928e+02 +1.66274585e-08 +1.96474730e-08 +6.05827888e-11 +2.01011496e-09
 2017      8 +2.89627838e+02 +1.59316720e-08 +1.93903222e-08 +3.87284371e-11 +1.97313899e-09
 2017      9 +2.89161438e+02 +1.50612038e-08 +2.00725498e-08 +2.05697959e-11 +1.94513050e-09
 2017     10 +2.88180481e+02 +1.52147575e-08 +1.96365590e-08 +2.66194913e-11 +2.65257971e-09
 2017     11 +2.87090363e+02 +1.49647743e-08 +2.01864925e-08 +2.93426464e-11 +2.69345213e-09
 2017     12 +2.86390198e+02 +1.60938178e-08 +2.00614867e-08 +4.34833107e-11 +2.70714495e-09
 2018      1 +2.85981964e+02 +1.58610618e-08 +2.07788045e-08 +3.38211924e-11 +2.51192089e-09
 2018      2 +2.86131073e+02 +1.57873412e-08 +1.97104182e-08 +2.46618507e-11 +2.46525178e-09
 2018      3 +2.86779297e+02 +1.55926099e-08 +1.98313792e-08 +3.93846275e-11 +2.79638068e-09
 2018      4 +2.87629730e+02 +1.54966315e-08 +1.91249079e-08 +6.26915395e-11 +2.59165023e-09
 2018      5 +2.88668610e+02 +1.58170756e-08 +1.91118463e-08 +3.72438087e-11 +2.31845498e-09
 2018      6 +2.89392303e+02 +1.62485758e-08 +1.97453076e-08 +4.35743663e-11 +1.89082106e-09
 2018      7 +2.89825287e+02 +1.67580225e-08 +1.95936565e-08 +3.71260279e-11 +1.75553383e-09
 2018      8 +2.89723267e+02 +1.62922174e-08 +1.92305709e-08 +5.24317638e-11 +1.96991046e-09
 2018      9 +2.89206940e+02 +1.52593636e-08 +1.94814422e-08 +4.58308599e-11 +2.10693640e-09
 2018     10 +2.88209137e+02 +1.48547672e-08 +1.92022487e-08 +3.41287727e-11 +2.53105936e-09
 2018     11 +2.87105682e+02 +1.45983146e-08 +2.02956123e-08 +2.88330609e-11 +2.66990385e-09
 2018     12 +2.86174408e+02 +1.52883466e-08 +2.05985451e-08 +3.53990795e-11 +2.61864819e-09
 2019      1 +2.85618561e+02 +1.56746616e-08 +1.94477732e-08 +4.13541944e-11 +2.48486343e-09
 2019      2 +2.86049255e+02 +1.59868936e-08 +1.98595558e-08 +2.97956902e-11 +2.47322918e-09
 2019      3 +2.86643097e+02 +1.58820050e-08 +1.95386605e-08 +3.80766703e-11 +2.73077649e-09
 2019      4 +2.87702515e+02 +1.56632556e-08 +1.86225311e-08 +5.03813866e-11 +2.70575296e-09
 2019      5 +2.88561218e+02 +1.55636002e-08 +1.94097733e-08 +5.95827970e-11 +2.20438601e-09
 2019      6 +2.89226471e+02 +1.60846625e-08 +1.97213126e-08 +6.38119002e-11 +1.83712612e-09
 2019      7 +2.89568695e+02 +1.64948499e-08 +1.91741858e-08 +5.01637239e-11 +1.82307847e-09
 2019      8 +2.89517487e+02 +1.57939084e-08 +1.94840357e-08 +3.68284778e-11 +1.84527349e-09
 2019      9 +2.89061340e+02 +1.53329598e-08 +1.91821545e-08 +2.65589894e-11 +1.94665084e-09
 2019     10 +2.88198395e+02 +1.53809090e-08 +1.92927079e-08 +2.22226213e-11 +2.25319763e-09
 2019     11 +2.87092987e+02 +1.47051580e-08 +1.97612806e-08 +2.36610974e-11 +2.50302512e-09
 2019     12 +2.86101959e+02 +1.54676787e-08 +1.99196641e-08 +2.63709627e-11 +2.38566078e-09
 2020      1 +2.86006561e+02 +1.52489754e-08 +2.03690416e-08 +3.64613582e-11 +2.54774890e-09
 2020      2 +2.86221985e+02 +1.54487214e-08 +1.99608241e-08 +3.16915834e-11 +2.40029130e-09
 2020      3 +2.86812317e+02 +1.55934519e-08 +1.97577883e-08 +4.74740351e-11 +2.71623901e-09
 2020      4 +2.87701813e+02 +1.59477906e-08 +1.90403266e-08 +4.74410684e-11 +2.73734013e-09
 2020      5 +2.88688629e+02 +1.57381894e-08 +1.86506419e-08 +5.61628730e-11 +2.09607043e-09
 2020      6 +2.89360931e+02 +1.66669629e-08 +1.97236041e-08 +4.22697571e-11 +1.80189863e-09
 2020      7 +2.89718597e+02 +1.68740772e-08 +1.86913347e-08 +4.85863849e-11 +1.84385063e-09
 2020      8 +2.89739227e+02 +1.59859521e-08 +1.93279188e-08 +4.16137125e-11 +1.90440819e-09
 2020      9 +2.89071991e+02 +1.51860942e-08 +1.92455687e-08 +3.64581108e-11 +2.30800601e-09
 2020     10 +2.88146667e+02 +1.50966581e-08 +1.93404581e-08 +3.68727167e-11 +2.65466582e-09
 2020     11 +2.87098755e+02 +1.51627635e-08 +1.98562020e-08 +2.63841761e-11 +2.72276646e-09
 2020     12 +2.86363556e+02 +1.49648649e-08 +2.04830908e-08 +3.37676831e-11 +2.58318189e-09
 2021      1 +2.86022278e+02 +1.53903077e-08 +2.02343564e-08 +2.75252356e-11 +2.52583576e-09
 2021      2 +2.86265076e+02 +1.51380082e-08 +2.06178488e-08 +2.54112027e-11 +2.65311018e-09
 2021      3 +2.86844940e+02 +1.52637529e-08 +1.97686472e-08 +4.41853255e-11 +2.80270451e-09
 2021      4 +2.87937042e+02 +1.58715530e-08 +1.92307734e-08 +4.00707974e-11 +2.58608757e-09
 2021      5 +2.88675415e+02 +1.60368092e-08 +1.93924414e-08 +4.99197836e-11 +2.27122765e-09
 2021      6 +2.89536774e+02 +1.63329190e-08 +1.96290717e-08 +6.01687380e-11 +1.79252546e-09
 2021      7 +2.89795868e+02 +1.64713807e-08 +1.96512620e-08 +5.37560378e-11 +1.85871540e-09
 2021      8 +2.89629639e+02 +1.60671085e-08 +1.91179641e-08 +3.89014619e-11 +1.89561122e-09
 2021      9 +2.89081024e+02 +1.53421684e-08 +1.92996428e-08 +2.84515970e-11 +1.94049954e-09
 2021     10 +2.88105316e+02 +1.50613886e-08 +1.93817318e-08 +4.08024586e-11 +2.55879762e-09
 2021     11 +2.87107544e+02 +1.50621453e-08 +1.99130383e-08 +2.78742515e-11 +2.49872323e-09
 2021     12 +2.86350891e+02 +1.50858472e-08 +2.05393942e-08 +3.81878626e-11 +2.64355404e-09
 2022      1 +2.85931671e+02 +1.57410049e-08 +1.95721928e-08 +4.28961588e-11 +2.54631982e-09
 2022      2 +2.85863373e+02 +1.51042272e-08 +2.01038883e-08 +4.48950044e-11 +2.52146926e-09
 2022      3 +2.86534943e+02 +1.51197259e-08 +2.00624584e-08 +4.07543721e-11 +2.90841351e-09
 2022      4 +2.87774017e+02 +1.55774327e-08 +1.89566176e-08 +5.69822210e-11 +2.71727907e-09
 2022      5 +2.88500061e+02 +1.57004987e-08 +1.92483540e-08 +3.92012568e-11 +2.27743979e-09
 2022      6 +2.89299347e+02 +1.61616818e-08 +1.96851015e-08 +3.74979388e-11 +1.77740567e-09
 2022      7 +2.89644653e+02 +1.63097926e-08 +1.94558876e-08 +5.38018692e-11 +1.78857518e-09
 2022      8 +2.89425903e+02 +1.62368057e-08 +1.91049097e-08 +3.50393707e-11 +1.97617966e-09
 2022      9 +2.88747253e+02 +1.49373331e-08 +1.91730543e-08 +3.12985853e-11 +2.03661865e-09
 2022     10 +2.87941772e+02 +1.48246482e-08 +1.97104306e-08 +4.27891264e-11 +2.42569742e-09
 2022     11 +2.86911652e+02 +1.51264992e-08 +1.93774987e-08 +3.20019358e-11 +2.70725753e-09
 2022     12 +2.86078735e+02 +1.51478279e-08 +2.03371169e-08 +3.54237820e-11 +2.64956790e-09
 2023      1 +2.85908569e+02 +1.49868615e-08 +2.00488746e-08 +4.88920363e-11 +2.69742850e-09
 2023      2 +2.85976105e+02 +1.48947121e-08 +1.98307930e-08 +3.31210129e-11 +2.67933098e-09
 2023      3 +2.86779816e+02 +1.59274229e-08 +1.88238811e-08 +4.78643236e-11 +2.80350720e-09
 2023      4 +2.87636353e+02 +1.52561732e-08 +1.91019520e-08 +5.35891123e-11 +2.65226574e-09
 2023      5 +2.88548920e+02 +1.63971325e-08 +1.86082829e-08 +4.44407219e-11 +2.28132468e-09
 2023      6 +2.89311584e+02 +1.63779763e-08 +1.88729885e-08 +4.16778591e-11 +1.77923054e-09
 2023      7 +2.89770874e+02 +1.68728089e-08 +1.90134841e-08 +4.36257974e-11 +1.69885994e-09
 2023      8 +2.89654724e+02 +1.63598255e-08 +1.87565323e-08 +3.82457989e-11 +1.85520654e-09
 2023      9 +2.88981445e+02 +1.53016124e-08 +1.92586711e-08 +2.46660591e-11 +2.01714379e-09
 2023     10 +2.88198334e+02 +1.54248987e-08 +1.91083238e-08 +2.80119955e-11 +2.28415442e-09
 2023     11 +2.87236786e+02 +1.47967567e-08 +1.94953014e-08 +2.83616654e-11 +2.60837685e-09
 2023     12 +2.86530884e+02 +1.47200803e-08 +2.01626271e-08 +3.73231272e-11 +2.57461541e-09
 2024      1 +2.86065277e+02 +1.52129775e-08 +1.99476791e-08 +3.17410473e-11 +2.34527486e-09
 2024      2 +2.86269897e+02 +1.59244902e-08 +1.96619361e-08 +2.46794755e-11 +2.43952170e-09
 2024      3 +2.87052094e+02 +1.59602873e-08 +1.94268992e-08 +3.91643037e-11 +2.72582645e-09
 2024      4 +2.87899261e+02 +1.57962514e-08 +1.92013889e-08 +4.40706395e-11 +2.71143352e-09
 2024      5 +2.88781158e+02 +1.61941252e-08 +1.93794296e-08 +4.88039401e-11 +2.28357844e-09
 2024      6 +2.89428131e+02 +1.65194116e-08 +1.97120809e-08 +6.27843125e-11 +1.89301486e-09
 2024      7 +2.89776825e+02 +1.69426890e-08 +1.90534912e-08 +4.31488907e-11 +1.76878701e-09
 2024      8 +2.89676117e+02 +1.58713593e-08 +1.89207547e-08 +3.39503321e-11 +1.87800953e-09
 2024      9 +2.88935150e+02 +1.49193653e-08 +1.92871621e-08 +3.56310988e-11 +2.20844809e-09
 2024     10 +2.88249603e+02 +1.53475757e-08 +1.88683238e-08 +4.01054849e-11 +2.45626164e-09
 2024     11 +2.87150940e+02 +1.57915974e-08 +1.92153706e-08 +2.77941611e-11 +2.62897903e-09
 2024     12 +2.86274261e+02 +1.52387667e-08 +2.00988488e-08 +3.35522062e-11 +2.34861286e-09
 2025      1 +2.86155182e+02 +1.51250319e-08 +1.97976959e-08 +3.41551266e-11 +2.34450681e-09
 2025      2 +2.86158325e+02 +1.60344928e-08 +2.05705923e-08 +3.08165611e-11 +2.56598276e-09
 2025      3 +2.87096710e+02 +1.57432787e-08 +1.99115338e-08 +3.35574034e-11 +2.59163624e-09
 2025      4 +2.87869110e+02 +1.57687161e-08 +1.91933722e-08 +4.73457003e-11 +2.56701083e-09
 2025      5 +2.88779724e+02 +1.61164557e-08 +1.90932656e-08 +4.75495823e-11 +2.25962515e-09
 2025      6 +2.89500031e+02 +1.61308513e-08 +2.03222204e-08 +3.64342931e-11 +1.84472948e-09
 2025      7 +2.89930450e+02 +1.63382516e-08 +1.93919760e-08 +4.34805005e-11 +1.70941383e-09
 2025      8 +2.89823761e+02 +1.65686593e-08 +1.88227176e-08 +3.16040319e-11 +1.83805748e-09
 2025      9 +2.89112671e+02 +1.57743809e-08 +1.86457978e-08 +2.03539460e-11 +1.94618233e-09
 2025     10 +2.88328735e+02 +1.47500501e-08 +1.96657108e-08 +2.84959036e-11 +2.32792541e-09
 2025     11 +2.87269043e+02 +1.54516524e-08 +1.96000602e-08 +2.68969378e-11 +2.73712675e-09
 2025     12 +2.86252319e+02 +1.54047957e-08 +1.96881356e-08 +3.22211563e-11 +2.54236654e-09
 2026      1 +2.85829803e+02 +1.52608663e-08 +2.04096420e-08 +3.65448852e-11 +2.62605115e-09
 2026      2 +2.85904480e+02 +1.54797757e-08 +1.98758148e-08 +3.40712944e-11 +2.74279022e-09
 2026      3 +2.86817139e+02 +1.62170313e-08 +1.91881266e-08 +5.53307643e-11 +2.78824186e-09
 2026      4 +2.87706696e+02 +1.61214082e-08 +1.90756264e-08 +4.63653872e-11 +2.63540900e-09
 2026      5 +2.88870209e+02 +1.60995288e-08 +1.88550882e-08 +3.99619088e-11 +2.28345876e-09
 2026      6 +2.89515045e+02 +1.62836589e-08 +1.96398471e-08 +4.45737683e-11 +1.82460203e-09
 2026      7 +2.89965790e+02 +1.70905050e-08 +1.92929352e-08 +3.19228532e-11 +1.79243842e-09
 2026      8 +2.89808807e+02 +1.62390457e-08 +1.82917823e-08 +2.97765215e-11 +1.77057358e-09
 2026      9 +2.89040009e+02 +1.49064405e-08 +1.98649186e-08 +2.54728669e-11 +2.03492645e-09
 2026     10 +2.88225128e+02 +1.50180881e-08 +1.91889207e-08 +3.51992394e-11 +2.35351472e-09
 2026     11 +2.87236694e+02 +1.49740647e-08 +2.00572412e-08 +2.52993685e-11 +2.64751021e-09
 2026     12 +2.86422089e+02 +1.47096300e-08 +2.09912887e-08 +4.22494643e-11 +2.68332201e-09
 2027      1 +2.86161652e+02 +1.50582107e-08 +2.04489190e-08 +3.36515572e-11 +2.42611642e-09
 2027      2 +2.86305176e+02 +1.49455310e-08 +2.02158876e-08 +3.47022862e-11 +2.68620903e-09
 2027      3 +2.86821991e+02 +1.57351217e-08 +1.98628989e-08 +5.18605679e-11 +2.78842904e-09
 2027      4 +2.87910278e+02 +1.55915156e-08 +1.97162411e-08 +5.55965482e-11 +2.71411049e-09
 2027      5 +2.88730560e+02 +1.65180261e-08 +1.89571843e-08 +4.50444994e-11 +2.18973195e-09
 2027      6 +2.89465363e+02 +1.63205396e-08 +1.93996783e-08 +3.00598435e-11 +1.80726301e-09
 2027      7 +2.89892487e+02 +1.69717680e-08 +1.87412557e-08 +4.88166590e-11 +1.83698190e-09
 2027      8 +2.89777130e+02 +1.65377667e-08 +1.89160314e-08 +4.01171006e-11 +1.90608151e-09
 2027      9 +2.89235779e+02 +1.57210991e-08 +1.84298692e-08 +2.64547169e-11 +1.99464134e-09
 2027     10 +2.88286102e+02 +1.47986379e-08 +2.01753974e-08 +3.67971660e-11 +2.45865528e-09
 2027     11 +2.87256561e+02 +1.53078226e-08 +1.95405860e-08 +2.74305700e-11 +2.55588839e-09
 2027     12 +2.86510406e+02 +1.54495012e-08 +2.08917292e-08 +4.31250452e-11 +2.63093214e-09
 2028      1 +2.86401123e+02 +1.52672843e-08 +2.00841903e-08 +2.73097465e-11 +2.39765763e-09
 2028      2 +2.86604584e+02 +1.58149600e-08 +2.03765342e-08 +3.65757355e-11 +2.60096833e-09
 2028      3 +2.86982788e+02 +1.56694231e-08 +1.90453289e-08 +4.58134052e-11 +2.79024226e-09
 2028      4 +2.87939484e+02 +1.60392606e-08 +1.94651513e-08 +4.71091256e-11 +2.68167577e-09
 2028      5 +2.88852448e+02 +1.60137557e-08 +1.96924663e-08 +5.08750819e-11 +2.22382934e-09
 2028      6 +2.89494965e+02 +1.58798450e-08 +2.01197121e-08 +5.33219684e-11 +1.90464644e-09
 2028      7 +2.90048065e+02 +1.66084160e-08 +2.00595753e-08 +5.89624044e-11 +1.81172088e-09
 2028      8 +2.89965149e+02 +1.64425327e-08 +1.91591170e-08 +4.22760403e-11 +1.87306282e-09
 2028      9 +2.89375549e+02 +1.55660320e-08 +1.93390495e-08 +2.65499654e-11 +1.92984340e-09
 2028     10 +2.88396423e+02 +1.53679540e-08 +1.98071017e-08 +2.29299964e-11 +2.39433517e-09
 2028     11 +2.87636627e+02 +1.54909916e-08 +1.97446361e-08 +2.85705556e-11 +2.49666154e-09
 2028     12 +2.86708801e+02 +1.55320272e-08 +2.02172270e-08 +3.36092265e-11 +2.45679987e-09
 2029      1 +2.86390778e+02 +1.52185606e-08 +2.17514646e-08 +4.16071171e-11 +2.75169310e-09
 2029      2 +2.86782196e+02 +1.50767594e-08 +1.96813819e-08 +3.02075205e-11 +2.70996248e-09
 2029      3 +2.86985901e+02 +1.55619251e-08 +1.99854124e-08 +5.28339802e-11 +2.93915670e-09
 2029      4 +2.87865265e+02 +1.58584186e-08 +1.91401455e-08 +6.41509137e-11 +2.76490741e-09
 2029      5 +2.88694702e+02 +1.55695652e-08 +1.91547684e-08 +5.03769491e-11 +2.18783835e-09
 2029      6 +2.89398529e+02 +1.62178200e-08 +1.95582857e-08 +5.21974339e-11 +1.94090766e-09
 2029      7 +2.89778137e+02 +1.60341642e-08 +1.97341556e-08 +4.15313929e-11 +1.87461313e-09
 2029      8 +2.89837555e+02 +1.66307039e-08 +1.91145908e-08 +3.70294594e-11 +1.88648852e-09
 2029      9 +2.89246033e+02 +1.52057549e-08 +1.92529068e-08 +2.99423923e-11 +2.01861550e-09
 2029     10 +2.88280273e+02 +1.56178466e-08 +1.91421154e-08 +2.95188145e-11 +2.51756460e-09
 2029     11 +2.87253235e+02 +1.52490536e-08 +1.94763903e-08 +2.59291564e-11 +2.56254284e-09
 2029     12 +2.86341583e+02 +1.51025272e-08 +2.00786285e-08 +3.44995317e-11 +2.76187562e-09
 2030      1 +2.86137421e+02 +1.54993387e-08 +2.03397459e-08 +5.31048677e-11 +2.72954237e-09
 2030      2 +2.86226105e+02 +1.58891940e-08 +1.94132070e-08 +4.41662887e-11 +2.90274960e-09
 2030      3 +2.86694733e+02 +1.52446038e-08 +1.95904022e-08 +5.66268733e-11 +3.05002890e-09
 2030      4 +2.87761566e+02 +1.55013780e-08 +1.92396232e-08 +6.62774696e-11 +2.70692757e-09
 2030      5 +2.88626160e+02 +1.58428701e-08 +1.94493364e-08 +5.57726192e-11 +2.28664443e-09
 2030      6 +2.89390381e+02 +1.66936491e-08 +1.87951024e-08 +3.45969260e-11 +1.90334881e-09
 2030      7 +2.89842834e+02 +1.70219820e-08 +1.87651992e-08 +3.58606651e-11 +1.78730275e-09
 2030      8 +2.89866272e+02 +1.66516951e-08 +1.92227425e-08 +3.47234602e-11 +1.79921089e-09
 2030      9 +2.89164673e+02 +1.53799533e-08 +1.95653378e-08 +3.23068551e-11 +2.01274175e-09
 2030     10 +2.88301941e+02 +1.48665489e-08 +1.94898764e-08 +3.64546136e-11 +2.43012166e-09
 2030     11 +2.87138550e+02 +1.48522696e-08 +1.96157615e-08 +2.80906513e-11 +2.61205946e-09
 2030     12 +2.86451019e+02 +1.54315440e-08 +1.98626537e-08 +4.03973591e-11 +2.61450372e-09
 2031      1 +2.86118256e+02 +1.53096149e-08 +2.01266896e-08 +3.31284861e-11 +2.41610199e-09
 2031      2 +2.86529358e+02 +1.54416391e-08 +2.01980281e-08 +4.69030509e-11 +2.71306710e-09
 2031      3 +2.87085999e+02 +1.55235238e-08 +1.91035205e-08 +4.54319325e-11 +2.84192203e-09
 2031      4 +2.88060760e+02 +1.58548552e-08 +1.94687200e-08 +5.07166392e-11 +2.63023980e-09
 2031      5 +2.88781433e+02 +1.54446500e-08 +1.92610177e-08 +6.23849375e-11 +2.20805330e-09
 2031      6 +2.89330048e+02 +1.63083715e-08 +1.90846006e-08 +5.26018118e-11 +1.89216842e-09
 2031      7 +2.89872406e+02 +1.65830549e-08 +1.95758325e-08 +5.00827470e-11 +1.83997950e-09
 2031      8 +2.89888428e+02 +1.60554752e-08 +1.87180333e-08 +4.48108842e-11 +1.87693705e-09
 2031      9 +2.89160889e+02 +1.56897411e-08 +1.85880680e-08 +3.72213302e-11 +2.06243422e-09
 2031     10 +2.88384918e+02 +1.50905084e-08 +1.96677590e-08 +3.43758806e-11 +2.45005172e-09
 2031     11 +2.87360382e+02 +1.55596318e-08 +1.91779215e-08 +2.36463835e-11 +2.55193089e-09
 2031     12 +2.86695709e+02 +1.54125122e-08 +2.03892494e-08 +4.10422391e-11 +2.44730747e-09
 2032      1 +2.86474457e+02 +1.50914978e-08 +1.98089918e-08 +3.43153665e-11 +2.45776222e-09
 2032      2 +2.86342834e+02 +1.54709259e-08 +1.98754471e-08 +3.07501039e-11 +2.45938425e-09
 2032      3 +2.87243683e+02 +1.56089683e-08 +1.89258440e-08 +4.25181036e-11 +2.73059775e-09
 2032      4 +2.88023102e+02 +1.60236961e-08 +1.95170937e-08 +4.35678923e-11 +2.72003953e-09
 2032      5 +2.88881256e+02 +1.55660551e-08 +1.93317504e-08 +3.54362130e-11 +2.12075868e-09
 2032      6 +2.89472717e+02 +1.64852914e-08 +2.03092778e-08 +3.59985479e-11 +1.85801785e-09
 2032      7 +2.89999298e+02 +1.68326917e-08 +1.94504608e-08 +4.87518047e-11 +1.78895976e-09
 2032      8 +2.89962616e+02 +1.66191754e-08 +1.85926616e-08 +4.22603272e-11 +1.87703275e-09
 2032      9 +2.89336609e+02 +1.51202606e-08 +1.91804403e-08 +3.67815015e-11 +2.10112416e-09
 2032     10 +2.88298950e+02 +1.51228150e-08 +1.93901464e-08 +2.65941696e-11 +2.39472420e-09
 2032     11 +2.87263092e+02 +1.54700501e-08 +1.93663876e-08 +3.36278019e-11 +2.51467713e-09
 2032     12 +2.86455963e+02 +1.53644777e-08 +2.09750848e-08 +3.88627082e-11 +2.77224887e-09
 2033      1 +2.86368347e+02 +1.55605058e-08 +2.02015329e-08 +3.94263754e-11 +2.48176590e-09
 2033      2 +2.86452606e+02 +1.63531251e-08 +2.01923260e-08 +3.19466779e-11 +2.70298117e-09
 2033      3 +2.86927704e+02 +1.57584772e-08 +1.94778984e-08 +4.23703121e-11 +2.74403300e-09
 2033      4 +2.87905334e+02 +1.56439395e-08 +1.92329281e-08 +4.65440325e-11 +2.73918421e-09
 2033      5 +2.88922638e+02 +1.62484248e-08 +1.96550030e-08 +5.31519551e-11 +2.21005791e-09
 2033      6 +2.89661224e+02 +1.61100449e-08 +1.98636663e-08 +4.79851159e-11 +1.82114968e-09
 2033      7 +2.90020813e+02 +1.64334502e-08 +1.91144967e-08 +5.64835990e-11 +1.83118121e-09
 2033      8 +2.90004456e+02 +1.63283662e-08 +1.92384988e-08 +4.38178244e-11 +1.84830407e-09
 2033      9 +2.89379974e+02 +1.51152069e-08 +1.97150172e-08 +3.26089260e-11 +1.99042383e-09
 2033     10 +2.88285980e+02 +1.53899471e-08 +1.97832968e-08 +3.44905146e-11 +2.41563747e-09
 2033     11 +2.87278625e+02 +1.53580348e-08 +1.97938466e-08 +4.16835108e-11 +2.73773848e-09
 2033     12 +2.86523438e+02 +1.53542228e-08 +1.99225099e-08 +3.37887530e-11 +2.60173483e-09
 2034      1 +2.86255890e+02 +1.57421347e-08 +2.05312372e-08 +3.29336072e-11 +2.38826359e-09
 2034      2 +2.86333649e+02 +1.58274549e-08 +2.00440695e-08 +3.72119800e-11 +2.60200750e-09
 2034      3 +2.86766907e+02 +1.57561448e-08 +1.92148981e-08 +6.20777527e-11 +2.76545142e-09
 2034      4 +2.87736908e+02 +1.55424793e-08 +1.94183478e-08 +5.81224582e-11 +2.69190759e-09
 2034      5 +2.88856628e+02 +1.62075491e-08 +1.93226697e-08 +5.60049715e-11 +2.38650832e-09
 2034      6 +2.89602905e+02 +1.65860143e-08 +1.90797245e-08 +5.73953732e-11 +1.79670068e-09
 2034      7 +2.89894684e+02 +1.70290573e-08 +1.87288389e-08 +4.27142870e-11 +1.82416549e-09
 2034      8 +2.89755920e+02 +1.59838507e-08 +1.92133296e-08 +3.95666520e-11 +1.95866590e-09
 2034      9 +2.89280579e+02 +1.53319846e-08 +1.89665936e-08 +4.20413496e-11 +2.17523133e-09
 2034     10 +2.88143738e+02 +1.54469362e-08 +1.94609999e-08 +3.63273821e-11 +2.45689558e-09
 2034     11 +2.87263641e+02 +1.46360284e-08 +1.98771186e-08 +3.42469109e-11 +2.57151944e-09
 2034     12 +2.86093811e+02 +1.51802269e-08 +1.99715355e-08 +3.22783709e-11 +2.51575871e-09
 2035      1 +2.86119965e+02 +1.51617101e-08 +2.00875849e-08 +4.40653486e-11 +2.64562794e-09
 2035      2 +2.86371948e+02 +1.51978785e-08 +1.98711003e-08 +5.23756802e-11 +2.78384427e-09
 2035      3 +2.86733795e+02 +1.53303574e-08 +1.94422931e-08 +4.23317353e-11 +2.71175082e-09
 2035      4 +2.87804199e+02 +1.54910698e-08 +1.91944221e-08 +5.28056140e-11 +2.57643906e-09
 2035      5 +2.88781403e+02 +1.57307287e-08 +2.00418917e-08 +3.24246949e-11 +2.22367813e-09
 2035      6 +2.89464020e+02 +1.64283520e-08 +1.92931253e-08 +3.94912922e-11 +1.80811988e-09
 2035      7 +2.89719940e+02 +1.64560934e-08 +1.86252382e-08 +3.89807943e-11 +1.74369708e-09
 2035      8 +2.89737427e+02 +1.65231704e-08 +1.92647551e-08 +3.94786287e-11 +1.84123838e-09
 2035      9 +2.89141357e+02 +1.55410955e-08 +1.90207796e-08 +2.88337999e-11 +2.05339989e-09
 2035     10 +2.88238159e+02 +1.49476982e-08 +1.99650767e-08 +2.77197189e-11 +2.55065946e-09
 2035     11 +2.87167816e+02 +1.48591868e-08 +2.01505639e-08 +3.13031823e-11 +2.61088950e-09
 2035     12 +2.86388367e+02 +1.49805750e-08 +2.02628083e-08 +3.22529191e-11 +2.60692934e-09
 2036      1 +2.86215179e+02 +1.55298263e-08 +2.01779233e-08 +4.26617769e-11 +2.68687739e-09
 2036      2 +2.86313385e+02 +1.54941038e-08 +2.04438262e-08 +3.88843159e-11 +2.64604272e-09
 2036      3 +2.86908234e+02 +1.56145443e-08 +1.96993408e-08 +3.94990533e-11 +2.76701329e-09
 2036      4 +2.87892090e+02 +1.56985021e-08 +1.94482119e-08 +5.40985347e-11 +2.60173905e-09
 2036      5 +2.88949158e+02 +1.63667782e-08 +1.96411261e-08 +5.43789458e-11 +2.11091122e-09
 2036      6 +2.89645416e+02 +1.69144379e-08 +1.91028793e-08 +4.20537806e-11 +1.66259639e-09
 2036      7 +2.90120819e+02 +1.67752354e-08 +1.96999785e-08 +4.77901954e-11 +1.73242820e-09
 2036      8 +2.89888245e+02 +1.59409055e-08 +1.94398879e-08 +5.15866759e-11 +1.83845428e-09
 2036      9 +2.89241455e+02 +1.57858011e-08 +1.94134291e-08 +3.30258737e-11 +1.97707228e-09
 2036     10 +2.88265656e+02 +1.50577986e-08 +1.87401294e-08 +3.60922472e-11 +2.45210985e-09
 2036     11 +2.87111542e+02 +1.58058473e-08 +1.93983851e-08 +2.73832016e-11 +2.76524714e-09
 2036     12 +2.86300323e+02 +1.56362230e-08 +1.97525427e-08 +1.95899651e-11 +2.45185383e-09
 2037      1 +2.86349670e+02 +1.56753845e-08 +2.02952144e-08 +3.09953244e-11 +2.32081465e-09
 2037      2 +2.86606750e+02 +1.58100555e-08 +2.04986410e-08 +3.35648731e-11 +2.45624410e-09
 2037      3 +2.86937775e+02 +1.50931623e-08 +2.00179482e-08 +5.00989354e-11 +2.61552557e-09
 2037      4 +2.87951935e+02 +1.54023869e-08 +1.92527096e-08 +4.36999742e-11 +2.66120992e-09
 2037      5 +2.88846100e+02 +1.66993583e-08 +1.95804137e-08 +4.30817604e-11 +2.32806818e-09
 2037      6 +2.89592163e+02 +1.65919918e-08 +1.87786409e-08 +3.09070824e-11 +1.70665515e-09
 2037      7 +2.90016998e+02 +1.65953900e-08 +2.00625294e-08 +5.08361235e-11 +1.77074033e-09
 2037      8 +2.89958008e+02 +1.63122760e-08 +1.85673699e-08 +4.44752846e-11 +1.80744120e-09
 2037      9 +2.89368896e+02 +1.54701567e-08 +1.92331537e-08 +2.61517457e-11 +2.03907713e-09
 2037     10 +2.88427063e+02 +1.48652965e-08 +2.00489438e-08 +3.24489324e-11 +2.53821741e-09
 2037     11 +2.87409271e+02 +1.53996389e-08 +1.95175698e-08 +3.01556037e-11 +2.71634204e-09
 2037     12 +2.86710754e+02 +1.60799800e-08 +1.98071852e-08 +2.76027933e-11 +2.38496267e-09
 2038      1 +2.86514343e+02 +1.56724322e-08 +2.03209076e-08 +3.19956943e-11 +2.39776043e-09
 2038      2 +2.86723480e+02 +1.56562852e-08 +2.08127400e-08 +3.81125929e-11 +2.60387201e-09
 2038      3 +2.87067902e+02 +1.62405467e-08 +1.92485317e-08 +4.31810560e-11 +2.71195866e-09
 2038      4 +2.88163940e+02 +1.61419660e-08 +1.94861283e-08 +4.80450471e-11 +2.50844279e-09
 2038      5 +2.89125000e+02 +1.65914660e-08 +1.92059364e-08 +4.34163989e-11 +2.13155738e-09
 2038      6 +2.89936218e+02 +1.61554130e-08 +2.01846433e-08 +4.71243149e-11 +1.79231263e-09
 2038      7 +2.90183929e+02 +1.66951288e-08 +1.97357775e-08 +5.82578569e-11 +1.87798221e-09
 2038      8 +2.90047546e+02 +1.64858882e-08 +1.90185130e-08 +2.42846195e-11 +1.76419945e-09
 2038      9 +2.89427490e+02 +1.55947255e-08 +1.88782963e-08 +2.40577350e-11 +2.01746264e-09
 2038     10 +2.88161774e+02 +1.49651296e-08 +1.96083274e-08 +2.86652785e-11 +2.59038346e-09
 2038     11 +2.87049988e+02 +1.54516897e-08 +1.90231013e-08 +2.54353014e-11 +2.54515098e-09
 2038     12 +2.86261719e+02 +1.50500430e-08 +1.94648013e-08 +3.78149248e-11 +2.56757704e-09
 2039      1 +2.85809387e+02 +1.50917767e-08 +2.02461585e-08 +4.42943009e-11 +2.51151677e-09
 2039      2 +2.86172821e+02 +1.52545798e-08 +1.95091445e-08 +3.80139566e-11 +2.56627941e-09
 2039      3 +2.86869019e+02 +1.57842166e-08 +1.90769018e-08 +4.18092193e-11 +2.75489875e-09
 2039      4 +2.87877869e+02 +1.61550719e-08 +1.91337310e-08 +4.98225627e-11 +2.65332556e-09
 2039      5 +2.88888153e+02 +1.57182676e-08 +1.94519618e-08 +5.53557096e-11 +2.21997087e-09
 2039      6 +2.89561493e+02 +1.69117182e-08 +1.98138910e-08 +4.97664965e-11 +1.80242721e-09
 2039      7 +2.89912323e+02 +1.62879097e-08 +1.95503329e-08 +4.18685885e-11 +1.74619685e-09
 2039      8 +2.89824554e+02 +1.65144964e-08 +1.89670377e-08 +4.52700551e-11 +1.89540206e-09
 2039      9 +2.89067261e+02 +1.53141926e-08 +1.91628988e-08 +3.01349709e-11 +2.08627138e-09
 2039     10 +2.88334320e+02 +1.49485864e-08 +1.96840961e-08 +4.05023758e-11 +2.51068100e-09
 2039     11 +2.87270172e+02 +1.56459699e-08 +1.93603746e-08 +3.53455459e-11 +2.68545453e-09
 2039     12 +2.86318878e+02 +1.49143489e-08 +2.09789111e-08 +3.56995405e-11 +2.70389511e-09
 2040      1 +2.86001282e+02 +1.50936668e-08 +2.08647659e-08 +3.49066921e-11 +2.58976063e-09
 2040      2 +2.86412811e+02 +1.57614721e-08 +1.98976533e-08 +3.17809043e-11 +2.47576426e-09
 2040      3 +2.86910126e+02 +1.65114216e-08 +1.94163974e-08 +3.29927231e-11 +2.57237875e-09
 2040      4 +2.88001099e+02 +1.55392907e-08 +1.87679277e-08 +5.19728739e-11 +2.43689469e-09
 2040      5 +2.88906860e+02 +1.60675011e-08 +1.89116403e-08 +4.78619644e-11 +2.28258079e-09
 2040      6 +2.89510223e+02 +1.64907199e-08 +1.91331129e-08 +4.41393276e-11 +1.69134484e-09
 2040      7 +2.89894409e+02 +1.64795431e-08 +1.95220533e-08 +5.70912866e-11 +1.84445370e-09
 2040      8 +2.89935455e+02 +1.61343188e-08 +1.95343031e-08 +3.63534688e-11 +1.79052795e-09
 2040      9 +2.89386444e+02 +1.53440869e-08 +1.89239540e-08 +3.18428582e-11 +1.93521910e-09
 2040     10 +2.88383942e+02 +1.56617119e-08 +1.89014298e-08 +2.94984835e-11 +2.55099897e-09
 2040     11 +2.87316925e+02 +1.53724269e-08 +1.99462313e-08 +2.42273805e-11 +2.69361222e-09
 2040     12 +2.86460541e+02 +1.50798840e-08 +2.02239612e-08 +3.58408719e-11 +2.58949573e-09
 2041      1 +2.86111755e+02 +1.56874709e-08 +2.04852668e-08 +3.50560449e-11 +2.39182918e-09
 2041      2 +2.86350311e+02 +1.52658881e-08 +1.93424512e-08 +3.28857531e-11 +2.50007659e-09
 2041      3 +2.87038483e+02 +1.57147824e-08 +1.94006162e-08 +4.66373919e-11 +2.81449664e-09
 2041      4 +2.88056763e+02 +1.59948019e-08 +1.89174312e-08 +4.94438795e-11 +2.51416510e-09
 2041      5 +2.89057495e+02 +1.64068457e-08 +1.87282723e-08 +5.26783478e-11 +2.21273688e-09
 2041      6 +2.89789001e+02 +1.68110148e-08 +1.93253076e-08 +4.08552497e-11 +1.62256908e-09
 2041      7 +2.90136658e+02 +1.71539636e-08 +1.93140810e-08 +4.48844781e-11 +1.80725757e-09
 2041      8 +2.90074738e+02 +1.62372054e-08 +1.94658725e-08 +2.85456537e-11 +1.75132220e-09
 2041      9 +2.89276611e+02 +1.53738267e-08 +1.88232061e-08 +2.58691714e-11 +2.04774420e-09
 2041     10 +2.88494995e+02 +1.50898867e-08 +1.90441902e-08 +3.68934466e-11 +2.37732056e-09
 2041     11 +2.87349976e+02 +1.56236535e-08 +1.95835668e-08 +3.07252349e-11 +2.64848099e-09
 2041     12 +2.86409119e+02 +1.53692614e-08 +2.02851567e-08 +3.59637632e-11 +2.58948707e-09
 2042      1 +2.86299896e+02 +1.54082826e-08 +2.03340651e-08 +3.32212521e-11 +2.35739028e-09
 2042      2 +2.86464203e+02 +1.54849040e-08 +2.09394990e-08 +3.08185907e-11 +2.60150457e-09
 2042      3 +2.87338013e+02 +1.54244564e-08 +2.02428296e-08 +3.90510090e-11 +2.70800826e-09
 2042      4 +2.88248413e+02 +1.53931321e-08 +1.95601704e-08 +5.20254187e-11 +2.61458699e-09
 2042      5 +2.89093597e+02 +1.58885829e-08 +1.91914626e-08 +4.64142370e-11 +2.15474683e-09
 2042      6 +2.89758270e+02 +1.62363687e-08 +2.02403285e-08 +3.88541768e-11 +1.87569271e-09
 2042      7 +2.90197815e+02 +1.67338232e-08 +1.91671070e-08 +3.12090041e-11 +1.73729409e-09
 2042      8 +2.90138855e+02 +1.64720149e-08 +1.87590814e-08 +2.96735761e-11 +1.74583903e-09
 2042      9 +2.89507355e+02 +1.55285953e-08 +1.92917415e-08 +3.25618907e-11 +1.91852556e-09
 2042     10 +2.88630554e+02 +1.52936597e-08 +1.90663005e-08 +3.15175767e-11 +2.39386377e-09
 2042     11 +2.87543060e+02 +1.53769317e-08 +1.97510577e-08 +2.32381163e-11 +2.47462739e-09
 2042     12 +2.86575470e+02 +1.48395891e-08 +2.00000887e-08 +3.10548913e-11 +2.49056153e-09
 2043      1 +2.86355774e+02 +1.56513273e-08 +2.01217247e-08 +4.84288443e-11 +2.54549315e-09
 2043      2 +2.86693420e+02 +1.62441296e-08 +1.99117469e-08 +4.58455079e-11 +2.64909272e-09
 2043      3 +2.87240601e+02 +1.60393210e-08 +1.95126137e-08 +5.01975128e-11 +2.73033707e-09
 2043      4 +2.88145325e+02 +1.63529439e-08 +1.91450269e-08 +5.40698077e-11 +2.57114796e-09
 2043      5 +2.89102905e+02 +1.64204099e-08 +1.87447782e-08 +3.84754173e-11 +2.09126938e-09
 2043      6 +2.89954590e+02 +1.64173581e-08 +2.04383426e-08 +5.26219103e-11 +1.80329873e-09
 2043      7 +2.90352417e+02 +1.67128160e-08 +1.97315533e-08 +2.49393006e-11 +1.61121450e-09
 2043      8 +2.90168762e+02 +1.63628400e-08 +1.91082545e-08 +3.84447474e-11 +1.65980152e-09
 2043      9 +2.89539459e+02 +1.56304054e-08 +1.95308552e-08 +2.56309730e-11 +1.89035809e-09
 2043     10 +2.88721527e+02 +1.50896859e-08 +1.94078353e-08 +2.73964913e-11 +2.38689601e-09
 2043     11 +2.87646240e+02 +1.48148747e-08 +2.05101891e-08 +2.52626132e-11 +2.64177147e-09
 2043     12 +2.86820648e+02 +1.50896504e-08 +2.05831281e-08 +3.82190980e-11 +2.59880406e-09
 2044      1 +2.86621490e+02 +1.52988697e-08 +1.98529246e-08 +3.01697486e-11 +2.30427233e-09
 2044      2 +2.86703278e+02 +1.53269255e-08 +2.05233963e-08 +1.93308026e-11 +2.36310260e-09
 2044      3 +2.87126190e+02 +1.57990296e-08 +1.98714023e-08 +2.75087834e-11 +2.70922884e-09
 2044      4 +2.88023895e+02 +1.61775073e-08 +1.90030551e-08 +5.64688192e-11 +2.64636957e-09
 2044      5 +2.88956177e+02 +1.60672862e-08 +1.92058529e-08 +4.21490585e-11 +2.18901786e-09
 2044      6 +2.89706909e+02 +1.65989285e-08 +1.96243395e-08 +3.61354523e-11 +1.82272730e-09
 2044      7 +2.90124908e+02 +1.68303256e-08 +1.96345180e-08 +4.52718731e-11 +1.74940840e-09
 2044      8 +2.90103424e+02 +1.62353935e-08 +1.98904289e-08 +2.70436937e-11 +1.76020332e-09
 2044      9 +2.89398102e+02 +1.60020939e-08 +1.86408045e-08 +2.47400087e-11 +1.91916527e-09
 2044     10 +2.88474640e+02 +1.57819038e-08 +1.90009164e-08 +2.51554836e-11 +2.12122875e-09
 2044     11 +2.87577362e+02 +1.57348392e-08 +1.92857872e-08 +2.55041543e-11 +2.36048781e-09
 2044     12 +2.86684296e+02 +1.53055826e-08 +2.05054711e-08 +3.49915791e-11 +2.56630961e-09
 2045      1 +2.86471558e+02 +1.58758855e-08 +2.01979606e-08 +4.54594175e-11 +2.54781063e-09
 2045      2 +2.86672974e+02 +1.55814632e-08 +2.02656096e-08 +4.75366101e-11 +2.74077672e-09
 2045      3 +2.87001099e+02 +1.59739084e-08 +1.95931964e-08 +3.84489315e-11 +2.70777223e-09
 2045      4 +2.88308594e+02 +1.56181077e-08 +1.99376462e-08 +4.57403559e-11 +2.61141220e-09
 2045      5 +2.89105530e+02 +1.66419394e-08 +1.92000602e-08 +3.22564545e-11 +2.02688022e-09
 2045      6 +2.89847717e+02 +1.59515618e-08 +1.97129317e-08 +3.36369092e-11 +1.71653380e-09
 2045      7 +2.90217651e+02 +1.66362426e-08 +1.92116776e-08 +4.33488176e-11 +1.80226190e-09
 2045      8 +2.90185425e+02 +1.64570633e-08 +1.95444834e-08 +3.22260517e-11 +1.69786896e-09
 2045      9 +2.89636749e+02 +1.52962620e-08 +1.97251815e-08 +2.78876609e-11 +1.89832994e-09
 2045     10 +2.88644257e+02 +1.54612891e-08 +1.93098657e-08 +3.28212318e-11 +2.38888354e-09
 2045     11 +2.87483612e+02 +1.60204348e-08 +1.95203089e-08 +3.90702019e-11 +2.61176658e-09
 2045     12 +2.86934265e+02 +1.50383492e-08 +2.08206536e-08 +3.72564028e-11 +2.40762055e-09
 2046      1 +2.86483643e+02 +1.57368536e-08 +2.08037783e-08 +3.87565570e-11 +2.53484256e-09
 2046      2 +2.86817078e+02 +1.58183191e-08 +1.99557171e-08 +2.71286223e-11 +2.32988939e-09
 2046      3 +2.87426910e+02 +1.58754432e-08 +1.93459062e-08 +3.94940192e-11 +2.68736344e-09
 2046      4 +2.88224365e+02 +1.57468314e-08 +1.95650074e-08 +4.27097593e-11 +2.63606692e-09
 2046      5 +2.89037903e+02 +1.63214562e-08 +1.92581844e-08 +3.60600820e-11 +2.13619988e-09
 2046      6 +2.90020996e+02 +1.63266929e-08 +2.06460200e-08 +4.00371715e-11 +1.70292991e-09
 2046      7 +2.90307098e+02 +1.70503451e-08 +1.93817016e-08 +2.99409837e-11 +1.72284720e-09
 2046      8 +2.90197144e+02 +1.62690235e-08 +1.95534184e-08 +3.42050589e-11 +1.76825110e-09
 2046      9 +2.89587372e+02 +1.54656430e-08 +1.94104643e-08 +2.75913008e-11 +1.90491956e-09
 2046     10 +2.88546021e+02 +1.49300980e-08 +1.90374756e-08 +4.33077220e-11 +2.50516652e-09
 2046     11 +2.87489685e+02 +1.52112740e-08 +1.98443484e-08 +2.68937060e-11 +2.77942580e-09
 2046     12 +2.86568573e+02 +1.51776085e-08 +1.98451939e-08 +3.73890918e-11 +2.50830956e-09
 2047      1 +2.86320984e+02 +1.58209605e-08 +1.97787617e-08 +3.20210837e-11 +2.35843389e-09
 2047      2 +2.86661560e+02 +1.58411702e-08 +2.02605293e-08 +4.90587224e-11 +2.41463738e-09
 2047      3 +2.87239288e+02 +1.60568145e-08 +1.95838794e-08 +4.10552668e-11 +2.68655143e-09
 2047      4 +2.88034790e+02 +1.61254725e-08 +1.89538962e-08 +5.54326793e-11 +2.69341305e-09
 2047      5 +2.89162537e+02 +1.64308247e-08 +1.86711020e-08 +3.98774763e-11 +2.19146035e-09
 2047      6 +2.89775848e+02 +1.66780421e-08 +1.89574649e-08 +4.96625172e-11 +1.83928339e-09
 2047      7 +2.90238922e+02 +1.70786283e-08 +1.97524024e-08 +4.77212124e-11 +1.64641678e-09
 2047      8 +2.90083679e+02 +1.64597331e-08 +1.87876950e-08 +4.03069210e-11 +1.69204850e-09
 2047      9 +2.89452972e+02 +1.57818434e-08 +1.96390690e-08 +3.27002210e-11 +1.87355353e-09
 2047     10 +2.88695496e+02 +1.52894657e-08 +1.93741077e-08 +2.47053263e-11 +2.23444863e-09
 2047     11 +2.87651306e+02 +1.53326489e-08 +2.01013162e-08 +2.60414017e-11 +2.55434185e-09
 2047     12 +2.86895477e+02 +1.56670374e-08 +2.08238813e-08 +3.67512756e-11 +2.40762676e-09
 2048      1 +2.86622528e+02 +1.60790155e-08 +2.09173159e-08 +3.79966683e-11 +2.32685626e-09
 2048      2 +2.86661652e+02 +1.61170313e-08 +2.04218242e-08 +3.27782627e-11 +2.33847253e-09
 2048      3 +2.87328552e+02 +1.57006177e-08 +2.01526920e-08 +3.08214634e-11 +2.59714628e-09
 2048      4 +2.88292236e+02 +1.64714180e-08 +2.00536707e-08 +4.00121394e-11 +2.54001775e-09
 2048      5 +2.89243805e+02 +1.64747522e-08 +1.98054639e-08 +5.32989902e-11 +2.14759832e-09
 2048      6 +2.89844452e+02 +1.64155249e-08 +1.96009857e-08 +3.12451974e-11 +1.78523263e-09
 2048      7 +2.90389862e+02 +1.66420762e-08 +1.98832364e-08 +3.34886181e-11 +1.68232372e-09
 2048      8 +2.90239105e+02 +1.64369425e-08 +1.92041192e-08 +4.56439747e-11 +1.75905857e-09
 2048      9 +2.89644318e+02 +1.49872879e-08 +1.97801242e-08 +3.38047611e-11 +2.00429318e-09
 2048     10 +2.88730988e+02 +1.53947521e-08 +1.91863947e-08 +3.57680829e-11 +2.27726815e-09
 2048     11 +2.87628510e+02 +1.53041917e-08 +1.96190726e-08 +3.05343355e-11 +2.53152521e-09
 2048     12 +2.86791351e+02 +1.53878048e-08 +2.02368629e-08 +3.92105792e-11 +2.48657539e-09
 2049      1 +2.86592773e+02 +1.56811151e-08 +2.02338502e-08 +3.38966737e-11 +2.32726993e-09
 2049      2 +2.86697968e+02 +1.58631472e-08 +2.01359800e-08 +3.11870044e-11 +2.51039944e-09
 2049      3 +2.87231659e+02 +1.62177507e-08 +1.93613907e-08 +4.04301939e-11 +2.54761701e-09
 2049      4 +2.88216064e+02 +1.61711977e-08 +1.90656877e-08 +4.73590854e-11 +2.54021137e-09
 2049      5 +2.89193970e+02 +1.62680003e-08 +1.94264800e-08 +4.33503788e-11 +2.17138574e-09
 2049      6 +2.89943176e+02 +1.68677072e-08 +1.93167331e-08 +4.11152189e-11 +1.67578806e-09
 2049      7 +2.90457825e+02 +1.75762960e-08 +1.94178646e-08 +3.80986215e-11 +1.79950621e-09
 2049      8 +2.90325562e+02 +1.63167755e-08 +1.91933189e-08 +4.78879228e-11 +1.74079240e-09
 2049      9 +2.89592407e+02 +1.55439306e-08 +1.92775236e-08 +2.99153688e-11 +1.91216709e-09
 2049     10 +2.88712646e+02 +1.53223656e-08 +1.97424992e-08 +3.56131687e-11 +2.51678678e-09
 2049     11 +2.87702271e+02 +1.58143916e-08 +1.94842382e-08 +3.26053629e-11 +2.61411137e-09
 2049     12 +2.87155792e+02 +1.58750115e-08 +2.00741965e-08 +3.88005357e-11 +2.31200636e-09
 2050      1 +2.86678986e+02 +1.52687960e-08 +2.03471480e-08 +5.10968663e-11 +2.31573827e-09
 2050      2 +2.86892090e+02 +1.59117128e-08 +1.99828847e-08 +3.13808875e-11 +2.31229902e-09
 2050      3 +2.87486755e+02 +1.60085118e-08 +1.94566727e-08 +4.88316089e-11 +2.69441958e-09
 2050      4 +2.88303833e+02 +1.62355338e-08 +1.85443376e-08 +5.98762082e-11 +2.51877985e-09
 2050      5 +2.88995514e+02 +1.65819074e-08 +1.84745730e-08 +4.86974835e-11 +2.09064233e-09
 2050      6 +2.89829620e+02 +1.65394134e-08 +1.90107663e-08 +4.76055410e-11 +1.80586646e-09
 2050      7 +2.90407043e+02 +1.72001897e-08 +1.93474605e-08 +4.56611068e-11 +1.71313630e-09
 2050      8 +2.90355469e+02 +1.65466432e-08 +1.93795611e-08 +3.93670825e-11 +1.68641645e-09
 2050      9 +2.89615448e+02 +1.50261492e-08 +2.00770565e-08 +3.00589241e-11 +1.85694637e-09
 2050     10 +2.88711334e+02 +1.52533772e-08 +1.94369019e-08 +3.80971157e-11 +2.34253572e-09
 2050     11 +2.87687653e+02 +1.51372088e-08 +2.01040322e-08 +3.80521066e-11 +2.52003729e-09
 2050     12 +2.86718475e+02 +1.53016924e-08 +2.01223234e-08 +4.11631354e-11 +2.49921639e-09
 2051      1 +2.86450043e+02 +1.54413655e-08 +2.11624620e-08 +3.45438921e-11 +2.39242204e-09
 2051      2 +2.86777771e+02 +1.56603459e-08 +1.98411527e-08 +3.02927856e-11 +2.27989205e-09
 2051      3 +2.87353302e+02 +1.59577720e-08 +1.91581329e-08 +3.91445973e-11 +2.56384847e-09
 2051      4 +2.88394348e+02 +1.62703611e-08 +1.92324006e-08 +4.23686294e-11 +2.49401944e-09
 2051      5 +2.89340576e+02 +1.67589409e-08 +1.90834886e-08 +2.91619819e-11 +1.96019712e-09
 2051      6 +2.89991486e+02 +1.64509100e-08 +1.95901659e-08 +4.39214498e-11 +1.66878300e-09
 2051      7 +2.90304626e+02 +1.69413195e-08 +1.91557863e-08 +3.63849541e-11 +1.64541902e-09
 2051      8 +2.90134216e+02 +1.66367418e-08 +1.89357063e-08 +4.55212049e-11 +1.76056414e-09
 2051      9 +2.89428162e+02 +1.55344626e-08 +1.94982466e-08 +2.93786419e-11 +1.88515892e-09
 2051     10 +2.88580017e+02 +1.55990865e-08 +1.88137861e-08 +3.03202047e-11 +2.13969664e-09
 2051     11 +2.87368530e+02 +1.53040975e-08 +1.99004742e-08 +2.92702147e-11 +2.52429389e-09
 2051     12 +2.86718445e+02 +1.56516595e-08 +2.02986978e-08 +4.09710217e-11 +2.67193934e-09
 2052      1 +2.86547882e+02 +1.57406603e-08 +2.03196659e-08 +4.34677121e-11 +2.37852493e-09
 2052      2 +2.86492096e+02 +1.54582640e-08 +1.95392627e-08 +3.85536186e-11 +2.26666308e-09
 2052      3 +2.87368011e+02 +1.63732636e-08 +1.93095513e-08 +2.70926372e-11 +2.50203569e-09
 2052      4 +2.88175476e+02 +1.63182001e-08 +1.91014369e-08 +4.49113177e-11 +2.45923326e-09
 2052      5 +2.89142822e+02 +1.64719136e-08 +1.95770333e-08 +2.71151573e-11 +2.00099515e-09
 2052      6 +2.89900085e+02 +1.66339582e-08 +1.94275174e-08 +3.58976078e-11 +1.71658132e-09
 2052      7 +2.90449432e+02 +1.73030905e-08 +1.93852632e-08 +4.41788932e-11 +1.73629011e-09
 2052      8 +2.90440643e+02 +1.69828454e-08 +1.87457267e-08 +2.82066072e-11 +1.66869407e-09
 2052      9 +2.89756256e+02 +1.56937912e-08 +1.88301055e-08 +2.84106939e-11 +1.91265137e-09
 2052     10 +2.88743500e+02 +1.56701052e-08 +1.95490060e-08 +2.95698639e-11 +2.44013143e-09
 2052     11 +2.87793152e+02 +1.57213833e-08 +1.94451530e-08 +2.39791676e-11 +2.49694776e-09
 2052     12 +2.86939423e+02 +1.55298334e-08 +2.03993977e-08 +2.77765415e-11 +2.44710052e-09
 2053      1 +2.87061432e+02 +1.55152886e-08 +2.07275495e-08 +3.03567241e-11 +2.20797092e-09
 2053      2 +2.87069580e+02 +1.56430566e-08 +2.03029646e-08 +4.39606858e-11 +2.35738473e-09
 2053      3 +2.87433838e+02 +1.58387383e-08 +1.99248440e-08 +3.86928371e-11 +2.88422353e-09
 2053      4 +2.88415405e+02 +1.61154698e-08 +1.91816198e-08 +3.06181122e-11 +2.35765030e-09
 2053      5 +2.89241913e+02 +1.59035451e-08 +1.97154311e-08 +4.46106936e-11 +2.22103091e-09
 2053      6 +2.89993469e+02 +1.67760472e-08 +1.94870466e-08 +4.51493842e-11 +1.72490389e-09
 2053      7 +2.90411530e+02 +1.68077605e-08 +1.94721732e-08 +4.42948976e-11 +1.70196335e-09
 2053      8 +2.90321075e+02 +1.70460250e-08 +1.92027763e-08 +2.89650907e-11 +1.65234038e-09
 2053      9 +2.89626770e+02 +1.62388503e-08 +1.86137132e-08 +2.33564505e-11 +1.79261639e-09
 2053     10 +2.88623138e+02 +1.53526045e-08 +1.95283913e-08 +3.39617154e-11 +2.35586017e-09
 2053     11 +2.87660583e+02 +1.48502348e-08 +1.98001491e-08 +2.61499936e-11 +2.52171017e-09
 2053     12 +2.86916107e+02 +1.57362923e-08 +2.07490540e-08 +2.90247045e-11 +2.41020648e-09
 2054      1 +2.86582794e+02 +1.55513913e-08 +1.99533652e-08 +3.93890892e-11 +2.45476994e-09
 2054      2 +2.86674225e+02 +1.61703255e-08 +1.99226697e-08 +3.63608588e-11 +2.40127762e-09
 2054      3 +2.87254669e+02 +1.58578484e-08 +1.98627852e-08 +3.24274878e-11 +2.59403232e-09
 2054      4 +2.88306305e+02 +1.60329101e-08 +1.93788825e-08 +3.81096821e-11 +2.50840992e-09
 2054      5 +2.89182617e+02 +1.58651279e-08 +1.89605984e-08 +3.80274909e-11 +2.06223150e-09
 2054      6 +2.89966888e+02 +1.69880003e-08 +1.97264356e-08 +4.02798003e-11 +1.69149339e-09
 2054      7 +2.90434875e+02 +1.75146013e-08 +1.90809750e-08 +3.51096929e-11 +1.55480262e-09
 2054      8 +2.90381165e+02 +1.70294374e-08 +1.91112566e-08 +3.91341161e-11 +1.63466729e-09
 2054      9 +2.89587585e+02 +1.61363456e-08 +1.90199039e-08 +2.16741503e-11 +1.78773463e-09
 2054     10 +2.88582855e+02 +1.45971395e-08 +1.97974845e-08 +2.21932334e-11 +2.19774199e-09
 2054     11 +2.87533051e+02 +1.59159033e-08 +1.92197014e-08 +3.08031482e-11 +2.64531241e-09
 2054     12 +2.86821930e+02 +1.53836037e-08 +2.00482315e-08 +2.88657466e-11 +2.33381292e-09
 2055      1 +2.86358307e+02 +1.59267497e-08 +2.00162820e-08 +3.22569471e-11 +2.46921927e-09
 2055      2 +2.86589111e+02 +1.58683005e-08 +1.93539620e-08 +2.89359162e-11 +2.48465892e-09
 2055      3 +2.87274506e+02 +1.63340808e-08 +1.92332656e-08 +4.15966914e-11 +2.73668221e-09
 2055      4 +2.88310944e+02 +1.61780846e-08 +1.88345002e-08 +4.76733583e-11 +2.62144861e-09
 2055      5 +2.89279755e+02 +1.59514233e-08 +1.91477962e-08 +4.85788632e-11 +2.00717731e-09
 2055      6 +2.89939667e+02 +1.66352940e-08 +2.00694963e-08 +2.84836443e-11 +1.76248727e-09
 2055      7 +2.90467499e+02 +1.72823835e-08 +1.97469916e-08 +4.76980816e-11 +1.72260017e-09
 2055      8 +2.90405212e+02 +1.64298015e-08 +1.91028402e-08 +4.53168891e-11 +1.79522330e-09
 2055      9 +2.89696747e+02 +1.54903557e-08 +1.94594563e-08 +3.27408829e-11 +1.94742089e-09
 2055     10 +2.88709991e+02 +1.51128177e-08 +1.95251850e-08 +2.72863329e-11 +2.31200326e-09
 2055     11 +2.87824829e+02 +1.57469771e-08 +1.96575538e-08 +2.29587512e-11 +2.60192934e-09
 2055     12 +2.86695618e+02 +1.56701745e-08 +2.00423642e-08 +3.00745123e-11 +2.45756016e-09
 2056      1 +2.86543762e+02 +1.61462275e-08 +1.98179251e-08 +3.70591231e-11 +2.45294030e-09
 2056      2 +2.86853088e+02 +1.56226001e-08 +1.97361079e-08 +2.25071541e-11 +2.29728836e-09
 2056      3 +2.87711121e+02 +1.60770686e-08 +2.05391153e-08 +3.19825798e-11 +2.41538034e-09
 2056      4 +2.88632965e+02 +1.64292331e-08 +1.96861141e-08 +3.18327101e-11 +2.40320475e-09
 2056      5 +2.89410980e+02 +1.66587224e-08 +1.89359621e-08 +5.34627620e-11 +2.07807149e-09
 2056      6 +2.90207489e+02 +1.72357133e-08 +1.91925800e-08 +3.24492863e-11 +1.70298786e-09
 2056      7 +2.90498077e+02 +1.68104659e-08 +2.05818260e-08 +4.62659633e-11 +1.86103233e-09
 2056      8 +2.90586823e+02 +1.66668421e-08 +1.94652596e-08 +3.24865551e-11 +1.76543313e-09
 2056      9 +2.89898102e+02 +1.55124180e-08 +1.95786853e-08 +2.50880740e-11 +1.85121263e-09
 2056     10 +2.88884491e+02 +1.57698512e-08 +1.92738323e-08 +2.68528914e-11 +2.28700703e-09
 2056     11 +2.87938202e+02 +1.57482560e-08 +1.91820408e-08 +3.02766978e-11 +2.54166821e-09
 2056     12 +2.86839264e+02 +1.56227635e-08 +2.05637800e-08 +3.32782760e-11 +2.50410048e-09
 2057      1 +2.86504944e+02 +1.53201150e-08 +2.04041903e-08 +2.86277356e-11 +2.42555376e-09
 2057      2 +2.86938324e+02 +1.59427973e-08 +2.05796233e-08 +2.49705135e-11 +2.50833931e-09
 2057      3 +2.87414337e+02 +1.60320059e-08 +2.01182431e-08 +4.42648973e-11 +2.82347856e-09
 2057      4 +2.88245941e+02 +1.57962887e-08 +1.96207974e-08 +4.95519667e-11 +2.55865040e-09
 2057      5 +2.89105499e+02 +1.60368376e-08 +1.99065067e-08 +4.79066370e-11 +2.31043651e-09
 2057      6 +2.89878845e+02 +1.69622840e-08 +1.94078140e-08 +3.59829631e-11 +1.67113301e-09
 2057      7 +2.90382111e+02 +1.73460020e-08 +1.93576799e-08 +5.34631055e-11 +1.80720350e-09
 2057      8 +2.90235596e+02 +1.63960809e-08 +1.89506792e-08 +4.13306993e-11 +1.85944504e-09
 2057      9 +2.89745728e+02 +1.57370739e-08 +1.94488816e-08 +2.30524089e-11 +1.91510741e-09
 2057     10 +2.88827972e+02 +1.54810618e-08 +1.95551912e-08 +2.43421013e-11 +2.26484431e-09
 2057     11 +2.87744965e+02 +1.55711284e-08 +1.97001260e-08 +2.91095065e-11 +2.70304112e-09
 2057     12 +2.86907410e+02 +1.62256324e-08 +2.04197832e-08 +3.77900836e-11 +2.54043675e-09
 2058      1 +2.86772217e+02 +1.58406390e-08 +2.00246983e-08 +2.98593268e-11 +2.39224418e-09
 2058      2 +2.86845123e+02 +1.57061120e-08 +2.08994262e-08 +3.58704143e-11 +2.43199016e-09
 2058      3 +2.87444489e+02 +1.59938249e-08 +2.00459329e-08 +3.71637235e-11 +2.74521916e-09
 2058      4 +2.88434967e+02 +1.59101283e-08 +1.94183105e-08 +4.68894368e-11 +2.64011013e-09
 2058      5 +2.89410004e+02 +1.61832894e-08 +1.94428331e-08 +3.78880330e-11 +2.13782703e-09
 2058      6 +2.90254028e+02 +1.72488548e-08 +1.92929637e-08 +4.02067303e-11 +1.75039594e-09
 2058      7 +2.90654480e+02 +1.70000245e-08 +2.01054604e-08 +4.20007952e-11 +1.72829562e-09
 2058      8 +2.90523438e+02 +1.69050640e-08 +1.88076505e-08 +1.98174636e-11 +1.65053382e-09
 2058      9 +2.89826660e+02 +1.54234776e-08 +1.92403302e-08 +4.34345095e-11 +1.80630499e-09
 2058     10 +2.89005707e+02 +1.59244919e-08 +1.92201561e-08 +3.79382359e-11 +2.42350784e-09
 2058     11 +2.87985168e+02 +1.53909525e-08 +2.04080095e-08 +2.54454201e-11 +2.51130072e-09
 2058     12 +2.87101166e+02 +1.58400741e-08 +2.01847357e-08 +3.26565233e-11 +2.37261477e-09
 2059      1 +2.86713348e+02 +1.59251048e-08 +2.08231121e-08 +3.36851450e-11 +2.34955500e-09
 2059      2 +2.86925964e+02 +1.59942335e-08 +2.04438031e-08 +3.17253238e-11 +2.49429943e-09
 2059      3 +2.87750336e+02 +1.59965268e-08 +2.05762039e-08 +3.35456767e-11 +2.73288236e-09
 2059      4 +2.88590790e+02 +1.62089417e-08 +1.92569161e-08 +4.60355677e-11 +2.44567677e-09
 2059      5 +2.89368469e+02 +1.63775002e-08 +1.90550189e-08 +3.66887666e-11 +1.93817740e-09
 2059      6 +2.90050446e+02 +1.71848793e-08 +1.96945482e-08 +3.97246819e-11 +1.67058178e-09
 2059      7 +2.90467194e+02 +1.74248225e-08 +1.90130063e-08 +4.98145622e-11 +1.74160253e-09
 2059      8 +2.90453430e+02 +1.69532033e-08 +1.93364809e-08 +3.13059231e-11 +1.70850767e-09
 2059      9 +2.89775360e+02 +1.56058775e-08 +1.93964222e-08 +2.98581680e-11 +1.94602534e-09
 2059     10 +2.88736328e+02 +1.53552548e-08 +1.87870164e-08 +3.31300057e-11 +2.35452724e-09
 2059     11 +2.87698090e+02 +1.52439910e-08 +1.95980316e-08 +3.43829583e-11 +2.42353537e-09
 2059     12 +2.86917572e+02 +1.52586566e-08 +2.05979163e-08 +3.38864041e-11 +2.54470844e-09
 2060      1 +2.86443665e+02 +1.52983795e-08 +2.05139141e-08 +3.70901920e-11 +2.44760656e-09
 2060      2 +2.86669952e+02 +1.57501585e-08 +2.00074606e-08 +3.12181357e-11 +2.55907562e-09
 2060      3 +2.87436951e+02 +1.63184914e-08 +1.96971346e-08 +4.17287316e-11 +2.71015432e-09
 2060      4 +2.88310638e+02 +1.58572000e-08 +1.89942355e-08 +4.76608579e-11 +2.42857268e-09
 2060      5 +2.89181030e+02 +1.63819873e-08 +1.85316029e-08 +4.78527044e-11 +2.04435779e-09
 2060      6 +2.90010040e+02 +1.76395059e-08 +1.89472917e-08 +4.40265220e-11 +1.70962722e-09
 2060      7 +2.90484436e+02 +1.70706542e-08 +1.93758449e-08 +3.28988434e-11 +1.62948066e-09
 2060      8 +2.90385101e+02 +1.64424776e-08 +1.95268690e-08 +2.64178106e-11 +1.69543035e-09
 2060      9 +2.89785614e+02 +1.60783173e-08 +1.94381915e-08 +3.13612886e-11 +1.89521576e-09
 2060     10 +2.88783173e+02 +1.56409516e-08 +1.89181417e-08 +2.56979889e-11 +2.20056329e-09
 2060     11 +2.87738708e+02 +1.56568767e-08 +1.99745944e-08 +2.15875685e-11 +2.35504527e-09
 2060     12 +2.86976959e+02 +1.57524624e-08 +1.95426431e-08 +3.68152869e-11 +2.46079179e-09
 2061      1 +2.86465698e+02 +1.62793281e-08 +2.04767012e-08 +4.83450641e-11 +2.44893483e-09
 2061      2 +2.86805603e+02 +1.61885314e-08 +2.00260430e-08 +3.50041073e-11 +2.56732036e-09
 2061      3 +2.87379089e+02 +1.55506612e-08 +1.98353138e-08 +4.31174506e-11 +2.72698486e-09
 2061      4 +2.88458344e+02 +1.59313380e-08 +1.90107485e-08 +3.76007316e-11 +2.46628318e-09
 2061      5 +2.89370544e+02 +1.64438951e-08 +1.91413516e-08 +5.29985812e-11 +2.18982676e-09
 2061      6 +2.90069214e+02 +1.63163136e-08 +2.03882902e-08 +4.86698494e-11 +1.79882353e-09
 2061      7 +2.90541016e+02 +1.73234778e-08 +1.91772447e-08 +2.67388230e-11 +1.59277713e-09
 2061      8 +2.90553101e+02 +1.63547735e-08 +1.98782324e-08 +3.91612090e-11 +1.76276582e-09
 2061      9 +2.89913605e+02 +1.55426552e-08 +1.96620036e-08 +2.02835318e-11 +1.87636817e-09
 2061     10 +2.88968170e+02 +1.54019286e-08 +1.97669330e-08 +2.96774237e-11 +2.34153696e-09
 2061     11 +2.88024109e+02 +1.56691389e-08 +1.92908463e-08 +2.93358428e-11 +2.47138021e-09
 2061     12 +2.87093567e+02 +1.58497198e-08 +2.01270041e-08 +2.54142696e-11 +2.34424724e-09
 2062      1 +2.87156403e+02 +1.59095492e-08 +2.05266932e-08 +2.97904514e-11 +2.22148322e-09
 2062      2 +2.87390198e+02 +1.61406657e-08 +2.01650519e-08 +3.09059653e-11 +2.42416820e-09
 2062      3 +2.87894318e+02 +1.59575588e-08 +1.95841068e-08 +3.18888388e-11 +2.45986986e-09
 2062      4 +2.88628479e+02 +1.60008380e-08 +1.95810745e-08 +3.77166701e-11 +2.41424036e-09
 2062      5 +2.89366699e+02 +1.67940399e-08 +1.91746317e-08 +4.20755236e-11 +2.08540896e-09
 2062      6 +2.90112823e+02 +1.67339422e-08 +1.92180405e-08 +4.16880939e-11 +1.73685988e-09
 2062      7 +2.90529938e+02 +1.70726189e-08 +2.00496597e-08 +3.79399602e-11 +1.74426329e-09
 2062      8 +2.90490356e+02 +1.64637477e-08 +1.95509582e-08 +3.38368569e-11 +1.70682979e-09
 2062      9 +2.89888458e+02 +1.62277960e-08 +1.95073628e-08 +2.69627463e-11 +1.92609861e-09
 2062     10 +2.88847137e+02 +1.51755764e-08 +1.98288657e-08 +2.80582033e-11 +2.39927123e-09
 2062     11 +2.87699371e+02 +1.55829731e-08 +1.93319991e-08 +2.06700802e-11 +2.44421439e-09
 2062     12 +2.86736115e+02 +1.58015734e-08 +2.00760653e-08 +3.44132604e-11 +2.59884203e-09
 2063      1 +2.86579315e+02 +1.55684923e-08 +2.03522053e-08 +4.44832400e-11 +2.40108600e-09
 2063      2 +2.86632965e+02 +1.59629465e-08 +1.96286454e-08 +4.43935409e-11 +2.59821342e-09
 2063      3 +2.87228363e+02 +1.61638525e-08 +1.92139069e-08 +4.75562680e-11 +2.84725732e-09
 2063      4 +2.88443878e+02 +1.66935585e-08 +1.89995646e-08 +2.85622394e-11 +2.37586284e-09
 2063      5 +2.89445282e+02 +1.62742957e-08 +1.99900381e-08 +3.11927290e-11 +2.11486451e-09
 2063      6 +2.90098755e+02 +1.68836447e-08 +1.94794474e-08 +4.37891286e-11 +1.75306247e-09
 2063      7 +2.90546722e+02 +1.71942833e-08 +1.93008933e-08 +3.70261252e-11 +1.65131564e-09
 2063      8 +2.90426147e+02 +1.65214864e-08 +1.93246734e-08 +2.12906966e-11 +1.71744530e-09
 2063      9 +2.89785553e+02 +1.53650248e-08 +1.93019876e-08 +2.23187926e-11 +1.89567162e-09
 2063     10 +2.88954346e+02 +1.60535514e-08 +1.90199305e-08 +2.71380227e-11 +2.12961382e-09
 2063     11 +2.87663605e+02 +1.57275029e-08 +2.00685726e-08 +2.17841856e-11 +2.37312636e-09
 2063     12 +2.86910950e+02 +1.59225042e-08 +1.95858938e-08 +2.87714592e-11 +2.30741359e-09
 2064      1 +2.86792664e+02 +1.54484123e-08 +2.10354401e-08 +4.26924850e-11 +2.23557328e-09
 2064      2 +2.86746826e+02 +1.62994063e-08 +1.93917717e-08 +3.64981552e-11 +2.38586373e-09
 2064      3 +2.87502197e+02 +1.59685456e-08 +1.96695691e-08 +4.25865593e-11 +2.68163181e-09
 2064      4 +2.88546539e+02 +1.68726739e-08 +1.87518676e-08 +4.01332474e-11 +2.45124698e-09
 2064      5 +2.89543274e+02 +1.61872276e-08 +1.95652365e-08 +3.32502081e-11 +2.01436556e-09
 2064      6 +2.90201904e+02 +1.65577507e-08 +1.96130792e-08 +3.48922592e-11 +1.63750846e-09
 2064      7 +2.90608948e+02 +1.69833605e-08 +1.92473610e-08 +4.56848309e-11 +1.72454007e-09
 2064      8 +2.90530701e+02 +1.69781025e-08 +1.86970333e-08 +3.24670187e-11 +1.65844993e-09
 2064      9 +2.89831055e+02 +1.53988413e-08 +1.96817354e-08 +2.83539702e-11 +1.94443261e-09
 2064     10 +2.89121124e+02 +1.58216178e-08 +1.96587600e-08 +2.76402755e-11 +2.39188958e-09
 2064     11 +2.88044586e+02 +1.52217403e-08 +2.06434461e-08 +2.93636331e-11 +2.74352074e-09
 2064     12 +2.87483795e+02 +1.58087587e-08 +2.03987636e-08 +3.76160075e-11 +2.56677035e-09
 2065      1 +2.87106537e+02 +1.56259148e-08 +2.04071213e-08 +3.91426266e-11 +2.39580844e-09
 2065      2 +2.87174866e+02 +1.55724287e-08 +2.12918074e-08 +3.92642134e-11 +2.70084310e-09
 2065      3 +2.87936707e+02 +1.59573137e-08 +2.00303738e-08 +3.80498758e-11 +2.70457412e-09
 2065      4 +2.88686523e+02 +1.61397615e-08 +1.91770972e-08 +4.26762549e-11 +2.52859156e-09
 2065      5 +2.89612549e+02 +1.67942904e-08 +1.89347809e-08 +3.06820715e-11 +1.87043891e-09
 2065      6 +2.90385590e+02 +1.70967418e-08 +1.94020533e-08 +9.49188471e-12 +1.44152246e-09
 2065      7 +2.90708008e+02 +1.73740791e-08 +1.90440073e-08 +1.88973160e-11 +1.40793011e-09
 2065      8 +2.90596680e+02 +1.64580687e-08 +1.88730773e-08 +2.11803873e-11 +1.67715752e-09
 2065      9 +2.89909149e+02 +1.57254298e-08 +1.96246237e-08 +2.32611846e-11 +1.76549819e-09
 2065     10 +2.89077118e+02 +1.55156972e-08 +1.93204386e-08 +2.06216415e-11 +2.30231745e-09
 2065     11 +2.87861481e+02 +1.53053836e-08 +1.99590193e-08 +2.68015662e-11 +2.53971444e-09
 2065     12 +2.87248596e+02 +1.54867532e-08 +2.12921876e-08 +2.48749250e-11 +2.30419905e-09
 2066      1 +2.87135895e+02 +1.62373350e-08 +1.96960599e-08 +3.45941956e-11 +2.29496577e-09
 2066      2 +2.87012115e+02 +1.61064424e-08 +2.01194421e-08 +2.78654513e-11 +2.44225529e-09
 2066      3 +2.87777039e+02 +1.61747131e-08 +2.02316990e-08 +3.59510685e-11 +2.60161825e-09
 2066      4 +2.88747528e+02 +1.69011862e-08 +1.88718339e-08 +4.32694054e-11 +2.39051401e-09
 2066      5 +2.89562927e+02 +1.60644671e-08 +1.91215204e-08 +3.96274853e-11 +2.07466488e-09
 2066      6 +2.90158844e+02 +1.66106897e-08 +1.97113152e-08 +3.75270925e-11 +1.74956005e-09
 2066      7 +2.90662079e+02 +1.76483788e-08 +1.92047338e-08 +3.14375644e-11 +1.65314207e-09
 2066      8 +2.90683136e+02 +1.67753456e-08 +1.90100931e-08 +4.12339433e-11 +1.72075354e-09
 2066      9 +2.90082275e+02 +1.64186034e-08 +1.84237976e-08 +1.90530248e-11 +1.71113224e-09
 2066     10 +2.89064209e+02 +1.56093041e-08 +1.91645810e-08 +1.94005818e-11 +2.05811346e-09
 2066     11 +2.88064545e+02 +1.59666627e-08 +1.94184118e-08 +2.09631132e-11 +2.37153253e-09
 2066     12 +2.87550323e+02 +1.59373972e-08 +2.03287680e-08 +3.35445317e-11 +2.41572296e-09
 2067      1 +2.87124542e+02 +1.58299986e-08 +2.05867234e-08 +3.28160346e-11 +2.43954701e-09
 2067      2 +2.87362671e+02 +1.65169514e-08 +2.02938679e-08 +3.88445665e-11 +2.53176013e-09
 2067      3 +2.87920044e+02 +1.63966742e-08 +1.97406873e-08 +4.51621379e-11 +2.62091615e-09
 2067      4 +2.88712769e+02 +1.61076397e-08 +1.96421848e-08 +4.35263076e-11 +2.52638577e-09
 2067      5 +2.89507721e+02 +1.67580225e-08 +1.96747649e-08 +3.32268206e-11 +2.00272976e-09
 2067      6 +2.90403137e+02 +1.68760135e-08 +2.00792911e-08 +2.97960268e-11 +1.73360137e-09
 2067      7 +2.90780121e+02 +1.77433321e-08 +1.90963068e-08 +4.15907690e-11 +1.55307434e-09
 2067      8 +2.90654297e+02 +1.67531287e-08 +1.89009572e-08 +2.63273240e-11 +1.72060588e-09
 2067      9 +2.89929413e+02 +1.56743631e-08 +1.97450554e-08 +3.07795144e-11 +1.97321670e-09
 2067     10 +2.89036957e+02 +1.49833799e-08 +1.98148822e-08 +2.70023604e-11 +2.28718977e-09
 2067     11 +2.88034119e+02 +1.54004116e-08 +2.02071622e-08 +2.33877518e-11 +2.27399743e-09
 2067     12 +2.87287354e+02 +1.61763651e-08 +1.96503720e-08 +4.13311850e-11 +2.40799380e-09
 2068      1 +2.86983734e+02 +1.55300430e-08 +2.08138946e-08 +3.76045584e-11 +2.47475240e-09
 2068      2 +2.87140015e+02 +1.59251208e-08 +2.06116084e-08 +3.21595840e-11 +2.51610888e-09
 2068      3 +2.87661438e+02 +1.59324092e-08 +1.96890966e-08 +3.83957553e-11 +2.49117260e-09
 2068      4 +2.88562653e+02 +1.61814260e-08 +1.94832062e-08 +4.76430700e-11 +2.60839816e-09
 2068      5 +2.89531677e+02 +1.64509011e-08 +1.99159160e-08 +2.74357030e-11 +2.03966155e-09
 2068      6 +2.90294708e+02 +1.69741039e-08 +1.92736493e-08 +3.01772045e-11 +1.70464609e-09
 2068      7 +2.90732422e+02 +1.71705956e-08 +1.98099741e-08 +3.15766753e-11 +1.69142955e-09
 2068      8 +2.90767761e+02 +1.62251226e-08 +1.94143883e-08 +4.24499880e-11 +1.67945491e-09
 2068      9 +2.90142273e+02 +1.63866538e-08 +1.88961025e-08 +1.86081289e-11 +1.77193260e-09
 2068     10 +2.89066559e+02 +1.55238400e-08 +1.99193479e-08 +2.93009506e-11 +2.38353071e-09
 2068     11 +2.88147247e+02 +1.56507216e-08 +1.99117007e-08 +2.74883033e-11 +2.49575827e-09
 2068     12 +2.87325958e+02 +1.58026499e-08 +2.01935766e-08 +4.19890372e-11 +2.56080868e-09
 2069      1 +2.86978363e+02 +1.56781343e-08 +2.01169286e-08 +3.60620075e-11 +2.33689113e-09
 2069      2 +2.87201050e+02 +1.58665046e-08 +1.96668033e-08 +2.90360687e-11 +2.25262142e-09
 2069      3 +2.87712677e+02 +1.65244121e-08 +2.02158166e-08 +4.03475690e-11 +2.74006373e-09
 2069      4 +2.88587097e+02 +1.63985163e-08 +1.89206748e-08 +3.92186908e-11 +2.46578402e-09
 2069      5 +2.89396698e+02 +1.65715548e-08 +1.97807548e-08 +4.08537509e-11 +2.07286344e-09
 2069      6 +2.90178253e+02 +1.72785874e-08 +1.99691694e-08 +4.24848767e-11 +1.67775260e-09
 2069      7 +2.90688141e+02 +1.66530612e-08 +2.00737009e-08 +3.00274389e-11 +1.60335900e-09
 2069      8 +2.90582214e+02 +1.69082934e-08 +1.88378362e-08 +3.47592753e-11 +1.72868198e-09
 2069      9 +2.89944733e+02 +1.58378981e-08 +1.92617744e-08 +2.28329855e-11 +1.81920701e-09
 2069     10 +2.88976532e+02 +1.52753845e-08 +1.93977403e-08 +3.39658371e-11 +2.31588815e-09
 2069     11 +2.88072998e+02 +1.55679754e-08 +1.98053076e-08 +2.82376691e-11 +2.60352095e-09
 2069     12 +2.87300690e+02 +1.58373936e-08 +2.03784030e-08 +2.87917312e-11 +2.30976371e-09
 2070      1 +2.86930511e+02 +1.56974238e-08 +2.00460182e-08 +2.87702119e-11 +2.33480257e-09
 2070      2 +2.87167236e+02 +1.60737752e-08 +2.03488018e-08 +2.53854229e-11 +2.47679721e-09
 2070      3 +2.87644104e+02 +1.62327360e-08 +1.93893399e-08 +4.72287348e-11 +2.75010792e-09
 2070      4 +2.88628052e+02 +1.61636997e-08 +1.85106828e-08 +3.25518675e-11 +2.53279442e-09
 2070      5 +2.89523590e+02 +1.64503913e-08 +1.94955092e-08 +4.55773232e-11 +2.07741668e-09
 2070      6 +2.90365936e+02 +1.74243038e-08 +1.95456522e-08 +2.97055644e-11 +1.69905900e-09
 2070      7 +2.90774353e+02 +1.74552799e-08 +1.95229486e-08 +4.21198076e-11 +1.72364134e-09
 2070      8 +2.90635498e+02 +1.69436216e-08 +1.87281497e-08 +3.48208198e-11 +1.77279924e-09
 2070      9 +2.90072632e+02 +1.61212874e-08 +1.90832594e-08 +2.29218883e-11 +1.70264514e-09
 2070     10 +2.89162262e+02 +1.55348623e-08 +2.00810497e-08 +1.59935103e-11 +1.89170213e-09
 2070     11 +2.88182495e+02 +1.61203992e-08 +1.98151255e-08 +2.08956723e-11 +2.20177765e-09
 2070     12 +2.87287903e+02 +1.59504197e-08 +2.03662136e-08 +3.21706446e-11 +2.19949636e-09
 2071      1 +2.86960541e+02 +1.52533861e-08 +2.05664179e-08 +3.53318243e-11 +2.32193598e-09
 2071      2 +2.87048584e+02 +1.62477569e-08 +1.96073664e-08 +3.15560703e-11 +2.27510366e-09
 2071      3 +2.87885864e+02 +1.61285261e-08 +2.03943671e-08 +3.59454619e-11 +2.45060350e-09
 2071      4 +2.88783661e+02 +1.58597544e-08 +1.94279899e-08 +3.98043230e-11 +2.45926457e-09
 2071      5 +2.89663544e+02 +1.67532210e-08 +1.93273575e-08 +3.94132955e-11 +1.98170458e-09
 2071      6 +2.90511383e+02 +1.65849379e-08 +2.02337151e-08 +2.74864038e-11 +1.71566505e-09
 2071      7 +2.90911713e+02 +1.71214065e-08 +1.98309529e-08 +4.07188450e-11 +1.74314141e-09
 2071      8 +2.90677734e+02 +1.67059184e-08 +1.89754932e-08 +4.34995720e-11 +1.72777115e-09
 2071      9 +2.90109070e+02 +1.59072435e-08 +1.99692138e-08 +2.55259737e-11 +1.86810412e-09
 2071     10 +2.89191864e+02 +1.51856145e-08 +1.91415648e-08 +2.75225467e-11 +2.29524266e-09
 2071     11 +2.88256805e+02 +1.54550186e-08 +1.94158556e-08 +2.45226964e-11 +2.40053577e-09
 2071     12 +2.87419464e+02 +1.57764894e-08 +2.01859045e-08 +3.08674510e-11 +2.24264407e-09
 2072      1 +2.87165649e+02 +1.60993601e-08 +2.02585486e-08 +3.32572164e-11 +2.23499530e-09
 2072      2 +2.87455658e+02 +1.61402465e-08 +2.00203356e-08 +3.68523059e-11 +2.27269159e-09
 2072      3 +2.88017120e+02 +1.66863732e-08 +1.97928944e-08 +3.94006008e-11 +2.31271979e-09
 2072      4 +2.88946564e+02 +1.66071743e-08 +1.87398914e-08 +3.31872828e-11 +2.23165175e-09
 2072      5 +2.89600708e+02 +1.69671921e-08 +1.94081959e-08 +2.53958399e-11 +1.99105488e-09
 2072      6 +2.90413116e+02 +1.70483556e-08 +2.02510630e-08 +2.89231781e-11 +1.57984059e-09
 2072      7 +2.90847778e+02 +1.73223835e-08 +1.98372216e-08 +4.43802044e-11 +1.66472280e-09
 2072      8 +2.90774597e+02 +1.68063714e-08 +1.93115941e-08 +4.93162594e-11 +1.69943026e-09
 2072      9 +2.90044830e+02 +1.55697144e-08 +1.95627123e-08 +2.28319620e-11 +1.81617776e-09
 2072     10 +2.88978790e+02 +1.55468154e-08 +1.96861549e-08 +3.25338229e-11 +2.36454878e-09
 2072     11 +2.88186981e+02 +1.57694249e-08 +1.96079384e-08 +2.12121900e-11 +2.49319321e-09
 2072     12 +2.87280090e+02 +1.56457141e-08 +2.00935126e-08 +3.12135318e-11 +2.51929944e-09
 2073      1 +2.86955811e+02 +1.62000706e-08 +2.02318855e-08 +3.85577022e-11 +2.39847697e-09
 2073      2 +2.87173828e+02 +1.61809410e-08 +1.99716528e-08 +2.56699072e-11 +2.43514031e-09
 2073      3 +2.87954102e+02 +1.64072755e-08 +1.96186605e-08 +4.06122913e-11 +2.57498378e-09
 2073      4 +2.88789825e+02 +1.62245115e-08 +1.97852223e-08 +3.56550137e-11 +2.58202748e-09
 2073      5 +2.89689209e+02 +1.65837424e-08 +1.97459809e-08 +4.31780132e-11 +2.09747575e-09
 2073      6 +2.90334961e+02 +1.66081762e-08 +2.01140420e-08 +3.52920887e-11 +1.76737291e-09
 2073      7 +2.90861053e+02 +1.69947150e-08 +2.03927772e-08 +3.87176680e-11 +1.63984315e-09
 2073      8 +2.90643005e+02 +1.65330807e-08 +1.97756052e-08 +2.35228122e-11 +1.78547854e-09
 2073      9 +2.90041840e+02 +1.58181077e-08 +1.90969924e-08 +2.26338653e-11 +1.79473381e-09
 2073     10 +2.89068146e+02 +1.51075064e-08 +2.00425436e-08 +2.50097668e-11 +2.12075624e-09
 2073     11 +2.88086609e+02 +1.61336935e-08 +1.99388523e-08 +1.94686108e-11 +2.44780707e-09
 2073     12 +2.87182007e+02 +1.58368394e-08 +1.95258405e-08 +2.71950622e-11 +2.19826357e-09
 2074      1 +2.86770782e+02 +1.62233125e-08 +2.04336370e-08 +3.09336098e-11 +2.38521092e-09
 2074      2 +2.87104523e+02 +1.55175446e-08 +1.97156069e-08 +2.51327726e-11 +2.58916333e-09
 2074      3 +2.87617950e+02 +1.65303806e-08 +1.90859115e-08 +3.62773249e-11 +2.65409605e-09
 2074      4 +2.88702972e+02 +1.59153224e-08 +1.92419627e-08 +3.02817146e-11 +2.50734455e-09
 2074      5 +2.89739807e+02 +1.68726757e-08 +1.93290468e-08 +3.50854901e-11 +1.83395266e-09
 2074      6 +2.90296387e+02 +1.61549440e-08 +2.01048582e-08 +3.78470172e-11 +1.75615700e-09
 2074      7 +2.90814026e+02 +1.68207119e-08 +2.06009059e-08 +4.05973657e-11 +1.68849168e-09
 2074      8 +2.90778107e+02 +1.70099472e-08 +1.87413622e-08 +2.94721123e-11 +1.65329794e-09
 2074      9 +2.90161469e+02 +1.58530913e-08 +1.89744149e-08 +2.45218932e-11 +1.81822002e-09
 2074     10 +2.89260590e+02 +1.57690625e-08 +1.88301907e-08 +2.28551362e-11 +2.07937134e-09
 2074     11 +2.88289185e+02 +1.62061173e-08 +1.93269649e-08 +2.14592007e-11 +2.32184916e-09
 2074     12 +2.87446289e+02 +1.65711107e-08 +2.06303223e-08 +2.79265014e-11 +2.32542807e-09
 2075      1 +2.87176422e+02 +1.61326970e-08 +2.05222008e-08 +3.06237535e-11 +2.20021779e-09
 2075      2 +2.87685211e+02 +1.64185785e-08 +2.05410338e-08 +1.98006056e-11 +2.16530283e-09
 2075      3 +2.88224548e+02 +1.60780527e-08 +2.04322426e-08 +3.86042968e-11 +2.55172439e-09
 2075      4 +2.88779663e+02 +1.67192713e-08 +1.93839238e-08 +3.89273613e-11 +2.54439203e-09
 2075      5 +2.89782837e+02 +1.64281602e-08 +2.00536583e-08 +4.36337702e-11 +1.97680250e-09
 2075      6 +2.90550568e+02 +1.70982730e-08 +2.00041512e-08 +3.35547319e-11 +1.63205804e-09
 2075      7 +2.91034790e+02 +1.66541803e-08 +2.13097984e-08 +3.79426178e-11 +1.57340363e-09
 2075      8 +2.90910126e+02 +1.71345871e-08 +1.96250678e-08 +2.03511305e-11 +1.54045077e-09
 2075      9 +2.90060974e+02 +1.62019926e-08 +1.89373850e-08 +1.94530121e-11 +1.82289572e-09
 2075     10 +2.89111725e+02 +1.54357469e-08 +1.96588168e-08 +2.12283940e-11 +2.16128138e-09
 2075     11 +2.87995148e+02 +1.55643054e-08 +1.92337808e-08 +1.72744458e-11 +2.40420706e-09
 2075     12 +2.87055756e+02 +1.57700093e-08 +2.07285318e-08 +3.07457115e-11 +2.39692199e-09
 2076      1 +2.86834991e+02 +1.58029128e-08 +2.03578594e-08 +3.76269224e-11 +2.38503906e-09
 2076      2 +2.86948181e+02 +1.63124092e-08 +1.93121750e-08 +3.98155779e-11 +2.52999133e-09
 2076      3 +2.87479858e+02 +1.59044777e-08 +1.95247569e-08 +4.34834009e-11 +2.80872081e-09
 2076      4 +2.88608551e+02 +1.65091656e-08 +1.92395078e-08 +3.40693758e-11 +2.30633534e-09
 2076      5 +2.89623474e+02 +1.67567080e-08 +1.92496383e-08 +3.41900640e-11 +1.93329308e-09
 2076      6 +2.90362274e+02 +1.73667072e-08 +1.94994101e-08 +2.18027367e-11 +1.66485836e-09
 2076      7 +2.90860199e+02 +1.74684764e-08 +1.96210870e-08 +2.36764792e-11 +1.62729452e-09
 2076      8 +2.90780914e+02 +1.69914003e-08 +1.88874676e-08 +2.58388137e-11 +1.65562930e-09
 2076      9 +2.90032471e+02 +1.63649396e-08 +1.92432363e-08 +2.75995476e-11 +1.73756676e-09
 2076     10 +2.89184509e+02 +1.54285349e-08 +1.90633660e-08 +2.22812064e-11 +2.26286256e-09
 2076     11 +2.88281250e+02 +1.57459112e-08 +2.07078816e-08 +2.61854479e-11 +2.57145860e-09
 2076     12 +2.87421356e+02 +1.53830708e-08 +2.04242259e-08 +3.22041768e-11 +2.55035193e-09
 2077      1 +2.86854645e+02 +1.65762781e-08 +2.03395718e-08 +3.32736928e-11 +2.43769405e-09
 2077      2 +2.87512512e+02 +1.59688369e-08 +2.05471071e-08 +3.11093200e-11 +2.51874743e-09
 2077      3 +2.88016907e+02 +1.62732281e-08 +1.97484766e-08 +4.60571893e-11 +2.69886358e-09
 2077      4 +2.88876770e+02 +1.63313985e-08 +1.96706136e-08 +2.99665084e-11 +2.50538812e-09
 2077      5 +2.89669525e+02 +1.60338036e-08 +1.87153564e-08 +3.32898466e-11 +2.00627581e-09
 2077      6 +2.90283295e+02 +1.69213799e-08 +1.94744310e-08 +3.64558939e-11 +1.57387114e-09
 2077      7 +2.90850891e+02 +1.74040498e-08 +1.99201846e-08 +3.20936090e-11 +1.61666358e-09
 2077      8 +2.90654510e+02 +1.63958234e-08 +1.87018312e-08 +2.86396722e-11 +1.55834745e-09
 2077      9 +2.90043365e+02 +1.57166546e-08 +1.93878993e-08 +2.50247566e-11 +1.71251491e-09
 2077     10 +2.89125244e+02 +1.51083928e-08 +2.00979251e-08 +2.47481740e-11 +2.16532858e-09
 2077     11 +2.88166351e+02 +1.59557150e-08 +1.95645598e-08 +3.14417901e-11 +2.33663044e-09
 2077     12 +2.87319397e+02 +1.56883573e-08 +2.00575716e-08 +2.62760144e-11 +2.25770136e-09
 2078      1 +2.86766022e+02 +1.59310307e-08 +2.00283363e-08 +2.71496298e-11 +2.18340612e-09
 2078      2 +2.87318390e+02 +1.65725087e-08 +2.04271142e-08 +2.53036220e-11 +2.40377118e-09
 2078      3 +2.87895508e+02 +1.61140470e-08 +1.94896366e-08 +4.32910270e-11 +2.62358713e-09
 2078      4 +2.88750702e+02 +1.60876255e-08 +1.94905301e-08 +3.78914643e-11 +2.39292830e-09
 2078      5 +2.89699310e+02 +1.59498672e-08 +1.96059524e-08 +2.54870205e-11 +1.87616034e-09
 2078      6 +2.90485016e+02 +1.65464069e-08 +2.03698516e-08 +2.80852858e-11 +1.62612512e-09
 2078      7 +2.90870331e+02 +1.72060730e-08 +1.94615488e-08 +4.03756056e-11 +1.69685976e-09
 2078      8 +2.90869110e+02 +1.63023586e-08 +1.96264853e-08 +3.71373141e-11 +1.65024550e-09
 2078      9 +2.90186218e+02 +1.51191895e-08 +2.09407673e-08 +2.45953796e-11 +1.89511651e-09
 2078     10 +2.89340454e+02 +1.54008042e-08 +1.98758272e-08 +2.75354097e-11 +2.27083685e-09
 2078     11 +2.88280365e+02 +1.59863838e-08 +1.99593373e-08 +3.26262212e-11 +2.55173460e-09
 2078     12 +2.87509003e+02 +1.65149707e-08 +2.02670822e-08 +2.85302441e-11 +2.34773756e-09
 2079      1 +2.87067566e+02 +1.61325051e-08 +2.02659951e-08 +2.41162108e-11 +2.19415774e-09
 2079      2 +2.87207581e+02 +1.64329261e-08 +2.07519992e-08 +2.31817170e-11 +2.26422237e-09
 2079      3 +2.88081238e+02 +1.64075491e-08 +2.01622168e-08 +3.21187417e-11 +2.40798670e-09
 2079      4 +2.88991577e+02 +1.61867870e-08 +1.97296703e-08 +3.66001569e-11 +2.18936225e-09
 2079      5 +2.89865326e+02 +1.64685687e-08 +1.99767634e-08 +3.76286918e-11 +1.97265670e-09
 2079      6 +2.90616028e+02 +1.69433356e-08 +1.95227638e-08 +4.86420487e-11 +1.65136715e-09
 2079      7 +2.90969177e+02 +1.74802572e-08 +1.95817691e-08 +5.70687594e-11 +1.66841818e-09
 2079      8 +2.90935913e+02 +1.75034938e-08 +1.92525107e-08 +2.31667636e-11 +1.60975666e-09
 2079      9 +2.90133820e+02 +1.58631508e-08 +1.93489278e-08 +2.22530779e-11 +1.76481951e-09
 2079     10 +2.89164581e+02 +1.56330451e-08 +1.94562659e-08 +2.60926211e-11 +2.12675699e-09
 2079     11 +2.88164856e+02 +1.58157487e-08 +2.01247374e-08 +2.78765240e-11 +2.49601051e-09
 2079     12 +2.87336609e+02 +1.56904498e-08 +2.00440855e-08 +3.46084515e-11 +2.40508213e-09
 2080      1 +2.87064178e+02 +1.58350151e-08 +2.10011351e-08 +2.76998719e-11 +2.11855800e-09
 2080      2 +2.87029846e+02 +1.59637796e-08 +2.00503187e-08 +2.90690146e-11 +2.39348985e-09
 2080      3 +2.87852966e+02 +1.60071050e-08 +2.00018793e-08 +3.85865853e-11 +2.66700706e-09
 2080      4 +2.88665131e+02 +1.63831100e-08 +1.90437728e-08 +4.93088695e-11 +2.66324207e-09
 2080      5 +2.89542603e+02 +1.65712386e-08 +1.96251815e-08 +4.58187203e-11 +2.00794559e-09
 2080      6 +2.90459869e+02 +1.72044672e-08 +1.92477234e-08 +3.59473319e-11 +1.63528557e-09
 2080      7 +2.90845154e+02 +1.73119616e-08 +1.96495158e-08 +3.53243892e-11 +1.65351866e-09
 2080      8 +2.90755981e+02 +1.68861334e-08 +1.92602556e-08 +3.35312264e-11 +1.67360636e-09
 2080      9 +2.90079010e+02 +1.58139102e-08 +1.98595860e-08 +1.98570882e-11 +1.70017456e-09
 2080     10 +2.89080078e+02 +1.58028310e-08 +1.94404315e-08 +2.75864054e-11 +2.39496223e-09
 2080     11 +2.88197449e+02 +1.55478599e-08 +1.99222505e-08 +3.26510347e-11 +2.59727195e-09
 2080     12 +2.87017914e+02 +1.56803459e-08 +2.03049559e-08 +2.45197248e-11 +2.33531017e-09
 2081      1 +2.86900391e+02 +1.64511889e-08 +2.11465796e-08 +2.82648557e-11 +2.19309393e-09
 2081      2 +2.87353302e+02 +1.58009925e-08 +2.11954418e-08 +3.02448414e-11 +2.44258747e-09
 2081      3 +2.87890564e+02 +1.57157434e-08 +1.97300682e-08 +3.28443765e-11 +2.61188360e-09
 2081      4 +2.88515228e+02 +1.61387970e-08 +1.96358823e-08 +5.04870520e-11 +2.65302647e-09
 2081      5 +2.89476532e+02 +1.64328249e-08 +1.99042933e-08 +3.38361908e-11 +2.12883511e-09
 2081      6 +2.90265198e+02 +1.64225487e-08 +2.01905905e-08 +3.24911903e-11 +1.67854908e-09
 2081      7 +2.90888458e+02 +1.68540613e-08 +2.06955360e-08 +4.49673493e-11 +1.68050163e-09
 2081      8 +2.90820129e+02 +1.70632681e-08 +1.92512850e-08 +3.92725817e-11 +1.70989112e-09
 2081      9 +2.90192963e+02 +1.58748250e-08 +1.90548910e-08 +3.04339332e-11 +1.83070925e-09
 2081     10 +2.89135101e+02 +1.55618753e-08 +1.94989571e-08 +3.20802759e-11 +2.21176077e-09
 2081     11 +2.88217285e+02 +1.58907074e-08 +1.94878300e-08 +2.62769494e-11 +2.37973685e-09
 2081     12 +2.87347992e+02 +1.59116293e-08 +2.06513544e-08 +3.01423851e-11 +2.47377230e-09
 2082      1 +2.87126282e+02 +1.62768501e-08 +2.00957331e-08 +3.56245970e-11 +2.41348608e-09
 2082      2 +2.87110779e+02 +1.64117182e-08 +1.98431263e-08 +2.82353706e-11 +2.29591746e-09
 2082      3 +2.88036774e+02 +1.60321925e-08 +2.00418597e-08 +3.22988199e-11 +2.48681520e-09
 2082      4 +2.88918701e+02 +1.64530860e-08 +1.93257303e-08 +3.44365057e-11 +2.41693021e-09
 2082      5 +2.89904846e+02 +1.68630461e-08 +1.96564756e-08 +3.40360379e-11 +2.01322181e-09
 2082      6 +2.90513977e+02 +1.76349459e-08 +1.96257748e-08 +2.01630362e-11 +1.58839375e-09
 2082      7 +2.91041565e+02 +1.69580474e-08 +1.99488923e-08 +3.01622928e-11 +1.61450942e-09
 2082      8 +2.90888672e+02 +1.63848419e-08 +1.91301979e-08 +2.92367033e-11 +1.69544689e-09
 2082      9 +2.90329407e+02 +1.56107500e-08 +2.02241281e-08 +2.22882789e-11 +1.89361882e-09
 2082     10 +2.89446442e+02 +1.56639395e-08 +2.03122461e-08 +3.22198553e-11 +2.31383201e-09
 2082     11 +2.88438477e+02 +1.60731624e-08 +1.93472616e-08 +2.30544282e-11 +2.30037767e-09
 2082     12 +2.87408051e+02 +1.58455169e-08 +2.01784420e-08 +3.75122017e-11 +2.55483057e-09
 2083      1 +2.87494385e+02 +1.62465668e-08 +2.11632454e-08 +3.12613581e-11 +2.32996822e-09
 2083      2 +2.87581085e+02 +1.59666858e-08 +1.99232950e-08 +1.75977410e-11 +2.04823336e-09
 2083      3 +2.88165039e+02 +1.64044884e-08 +2.02478763e-08 +2.68293512e-11 +2.39801246e-09
 2083      4 +2.89174438e+02 +1.68043126e-08 +1.93830854e-08 +3.55458128e-11 +2.32490560e-09
 2083      5 +2.89928314e+02 +1.64839253e-08 +1.94444958e-08 +4.00915759e-11 +1.97710737e-09
 2083      6 +2.90641022e+02 +1.69653429e-08 +1.95509369e-08 +5.78924443e-11 +1.68296532e-09
 2083      7 +2.91036377e+02 +1.72812751e-08 +1.94785343e-08 +4.55924257e-11 +1.56670787e-09
 2083      8 +2.90854309e+02 +1.68636412e-08 +1.96130845e-08 +2.61023321e-11 +1.68755898e-09
 2083      9 +2.90306122e+02 +1.58953828e-08 +1.98420018e-08 +1.75585709e-11 +1.52813262e-09
 2083     10 +2.89330780e+02 +1.53914268e-08 +1.94091339e-08 +3.44974535e-11 +2.03398898e-09
 2083     11 +2.88239136e+02 +1.56538231e-08 +2.02244230e-08 +2.87719171e-11 +2.50130672e-09
 2083     12 +2.87520660e+02 +1.62081299e-08 +2.04728945e-08 +3.48271481e-11 +2.41241715e-09
 2084      1 +2.87173950e+02 +1.67562551e-08 +1.97729317e-08 +4.58334967e-11 +2.35172970e-09
 2084      2 +2.87258240e+02 +1.69448207e-08 +2.00364951e-08 +2.44183146e-11 +2.35095632e-09
 2084      3 +2.87940643e+02 +1.68598362e-08 +1.96871248e-08 +2.88914205e-11 +2.47373699e-09
 2084      4 +2.88815186e+02 +1.57992091e-08 +2.00358112e-08 +4.02730037e-11 +2.46131027e-09
 2084      5 +2.89647125e+02 +1.68557968e-08 +1.84986035e-08 +2.74974505e-11 +2.05658401e-09
 2084      6 +2.90351562e+02 +1.72038828e-08 +1.94114627e-08 +3.48514204e-11 +1.65718250e-09
 2084      7 +2.90873199e+02 +1.73577206e-08 +1.98925711e-08 +3.91376272e-11 +1.64801939e-09
 2084      8 +2.90899384e+02 +1.70362693e-08 +1.98429060e-08 +3.40998618e-11 +1.67669345e-09
 2084      9 +2.90154724e+02 +1.61119598e-08 +1.93286436e-08 +2.23502016e-11 +1.80170867e-09
 2084     10 +2.89177368e+02 +1.52879736e-08 +1.98054391e-08 +2.67526817e-11 +2.20617857e-09
 2084     11 +2.88184296e+02 +1.58272471e-08 +1.98507255e-08 +3.11924826e-11 +2.35316366e-09
 2084     12 +2.87200317e+02 +1.62381042e-08 +1.96552037e-08 +3.12070370e-11 +2.36535413e-09
 2085      1 +2.87101562e+02 +1.62247247e-08 +2.09958255e-08 +4.13067219e-11 +2.41076692e-09
 2085      2 +2.87299957e+02 +1.67585679e-08 +2.01648334e-08 +2.66407712e-11 +2.40963649e-09
 2085      3 +2.87875702e+02 +1.66140826e-08 +1.91242435e-08 +3.78003462e-11 +2.42938669e-09
 2085      4 +2.88837402e+02 +1.64797509e-08 +1.97958183e-08 +3.78111015e-11 +2.33991049e-09
 2085      5 +2.89650970e+02 +1.63302918e-08 +1.91746086e-08 +3.76730036e-11 +1.92670480e-09
 2085      6 +2.90389771e+02 +1.78637354e-08 +1.83738056e-08 +4.78267148e-11 +1.57256430e-09
 2085      7 +2.90699890e+02 +1.74395041e-08 +1.94221119e-08 +3.46854871e-11 +1.58989155e-09
 2085      8 +2.90923889e+02 +1.71115460e-08 +1.94200904e-08 +4.59092174e-11 +1.61230573e-09
 2085      9 +2.90146057e+02 +1.62192855e-08 +2.00191241e-08 +2.01552646e-11 +1.60102309e-09
 2085     10 +2.89343750e+02 +1.53189497e-08 +1.93507912e-08 +1.77360002e-11 +1.93142990e-09
 2085     11 +2.88284576e+02 +1.56067195e-08 +1.99279526e-08 +2.00336431e-11 +2.12132556e-09
 2085     12 +2.87336517e+02 +1.62003122e-08 +1.97033376e-08 +3.43735249e-11 +2.34694508e-09
 2086      1 +2.86993256e+02 +1.62304818e-08 +2.00504129e-08 +3.57884035e-11 +2.17356533e-09
 2086      2 +2.87398621e+02 +1.58838827e-08 +2.03791224e-08 +2.08803218e-11 +2.18767537e-09
 2086      3 +2.87865143e+02 +1.57276965e-08 +2.02760884e-08 +3.09226360e-11 +2.48044629e-09
 2086      4 +2.88861725e+02 +1.60912066e-08 +1.97604031e-08 +4.04317760e-11 +2.52126009e-09
 2086      5 +2.89738892e+02 +1.67851191e-08 +1.91339709e-08 +3.67510848e-11 +2.02443862e-09
 2086      6 +2.90628571e+02 +1.71462204e-08 +1.95075991e-08 +2.91736427e-11 +1.51865032e-09
 2086      7 +2.90932983e+02 +1.76246484e-08 +1.92965501e-08 +4.08252911e-11 +1.68151659e-09
 2086      8 +2.90978760e+02 +1.66109455e-08 +2.02891446e-08 +3.11504815e-11 +1.50237589e-09
 2086      9 +2.90288635e+02 +1.50014223e-08 +2.07351842e-08 +3.11069018e-11 +1.83293047e-09
 2086     10 +2.89395996e+02 +1.52653126e-08 +1.99045225e-08 +2.60229754e-11 +2.30319319e-09
 2086     11 +2.88345551e+02 +1.59821347e-08 +2.01219414e-08 +2.71338906e-11 +2.40428655e-09
 2086     12 +2.87603973e+02 +1.59777720e-08 +2.09142126e-08 +2.81916140e-11 +2.44399678e-09
 2087      1 +2.87359955e+02 +1.59744662e-08 +2.07803392e-08 +3.09308620e-11 +2.46326781e-09
 2087      2 +2.87353394e+02 +1.63066503e-08 +1.97785646e-08 +3.41185552e-11 +2.59122257e-09
 2087      3 +2.88098114e+02 +1.66288743e-08 +2.06026556e-08 +2.56870306e-11 +2.55503041e-09
 2087      4 +2.89017395e+02 +1.65367826e-08 +2.01189572e-08 +4.63849237e-11 +2.44983678e-09
 2087      5 +2.89939667e+02 +1.68286114e-08 +1.97253236e-08 +3.66360553e-11 +1.95160643e-09
 2087      6 +2.90662048e+02 +1.72325727e-08 +2.03004706e-08 +5.24887286e-11 +1.68974534e-09
 2087      7 +2.91245453e+02 +1.77047443e-08 +2.04549835e-08 +3.93648759e-11 +1.56314539e-09
 2087      8 +2.91128235e+02 +1.73467125e-08 +1.86865474e-08 +3.55877099e-11 +1.58867486e-09
 2087      9 +2.90415558e+02 +1.62994667e-08 +1.87756175e-08 +1.55879563e-11 +1.60167557e-09
 2087     10 +2.89356110e+02 +1.53829731e-08 +1.94944381e-08 +2.22669695e-11 +1.97503902e-09
 2087     11 +2.88428711e+02 +1.59938605e-08 +1.98151024e-08 +2.31898719e-11 +2.15131379e-09
 2087     12 +2.87509338e+02 +1.57800599e-08 +2.01037160e-08 +3.87627812e-11 +2.43873122e-09
 2088      1 +2.87059875e+02 +1.57275206e-08 +2.02717576e-08 +2.84819893e-11 +2.34331310e-09
 2088      2 +2.87289856e+02 +1.62809268e-08 +1.98319725e-08 +2.38852566e-11 +2.25502617e-09
 2088      3 +2.87827698e+02 +1.61073217e-08 +1.95395025e-08 +3.19833222e-11 +2.52363064e-09
 2088      4 +2.88640533e+02 +1.66135070e-08 +1.92508498e-08 +3.97351735e-11 +2.48011656e-09
 2088      5 +2.89609161e+02 +1.71484533e-08 +1.87364915e-08 +4.08529044e-11 +1.95921102e-09
 2088      6 +2.90353180e+02 +1.73684338e-08 +1.95379961e-08 +3.44024149e-11 +1.67087377e-09
 2088      7 +2.90933990e+02 +1.75150472e-08 +1.93352108e-08 +5.57719634e-11 +1.68480463e-09
 2088      8 +2.90933594e+02 +1.72194188e-08 +1.92360243e-08 +2.53716336e-11 +1.67211034e-09
 2088      9 +2.90239410e+02 +1.58024953e-08 +1.92985805e-08 +1.58170040e-11 +1.70943604e-09
 2088     10 +2.89248749e+02 +1.54421897e-08 +1.96896739e-08 +3.22995207e-11 +2.24099228e-09
 2088     11 +2.88410675e+02 +1.56622875e-08 +2.03335109e-08 +1.79832017e-11 +2.29712560e-09
 2088     12 +2.87449005e+02 +1.54679807e-08 +2.04555555e-08 +2.93818754e-11 +2.21115370e-09
 2089      1 +2.87025665e+02 +1.56621951e-08 +2.09913260e-08 +3.69662599e-11 +2.37867281e-09
 2089      2 +2.87173370e+02 +1.61733293e-08 +2.02216910e-08 +2.62223299e-11 +2.36246933e-09
 2089      3 +2.87808044e+02 +1.66100040e-08 +1.95015275e-08 +3.78696588e-11 +2.58520405e-09
 2089      4 +2.88681763e+02 +1.63315299e-08 +1.92588150e-08 +4.36569357e-11 +2.44695753e-09
 2089      5 +2.89685150e+02 +1.63944947e-08 +1.96355519e-08 +5.42794212e-11 +2.12391593e-09
 2089      6 +2.90583832e+02 +1.72761805e-08 +1.92564826e-08 +3.51996488e-11 +1.66951541e-09
 2089      7 +2.90935394e+02 +1.72501995e-08 +2.01480717e-08 +3.09787578e-11 +1.58493663e-09
 2089      8 +2.90909302e+02 +1.70188930e-08 +1.98328802e-08 +2.73945675e-11 +1.67221181e-09
 2089      9 +2.90217255e+02 +1.55516293e-08 +1.98295602e-08 +2.42549678e-11 +1.65454683e-09
 2089     10 +2.89342255e+02 +1.52647086e-08 +2.00795700e-08 +2.53840178e-11 +2.13419016e-09
 2089     11 +2.88371124e+02 +1.57269948e-08 +2.01837143e-08 +2.57628988e-11 +2.54197685e-09
 2089     12 +2.87191315e+02 +1.61767524e-08 +1.95316368e-08 +4.12308174e-11 +2.41035103e-09
 2090      1 +2.86861572e+02 +1.61935887e-08 +2.01241832e-08 +3.53497578e-11 +2.37356890e-09
 2090      2 +2.87191284e+02 +1.61615947e-08 +2.06446789e-08 +3.18052945e-11 +2.39455633e-09
 2090      3 +2.87872162e+02 +1.62897589e-08 +2.02925587e-08 +3.60639955e-11 +2.57599075e-09
 2090      4 +2.88922791e+02 +1.65552034e-08 +1.92422043e-08 +3.92252862e-11 +2.25733054e-09
 2090      5 +2.89713837e+02 +1.67648473e-08 +2.00894572e-08 +3.59278128e-11 +2.05598361e-09
 2090      6 +2.90500061e+02 +1.67945640e-08 +1.94481462e-08 +3.96463834e-11 +1.62063007e-09
 2090      7 +2.90970276e+02 +1.75574630e-08 +1.94212859e-08 +2.49964615e-11 +1.57707059e-09
 2090      8 +2.90852448e+02 +1.69928693e-08 +1.94165146e-08 +2.41734428e-11 +1.49266410e-09
 2090      9 +2.90180756e+02 +1.61858580e-08 +1.86894553e-08 +3.32772525e-11 +1.77186665e-09
 2090     10 +2.89232330e+02 +1.59002198e-08 +1.94695620e-08 +2.31119845e-11 +2.03251016e-09
 2090     11 +2.88289642e+02 +1.59999711e-08 +1.95214582e-08 +1.69143796e-11 +2.07213779e-09
 2090     12 +2.87296906e+02 +1.64310183e-08 +2.03593373e-08 +3.06886946e-11 +2.29826247e-09
 2091      1 +2.87230042e+02 +1.60966618e-08 +2.09268674e-08 +3.96920968e-11 +2.45597409e-09
 2091      2 +2.87158997e+02 +1.65846821e-08 +1.99869792e-08 +3.28125721e-11 +2.35953856e-09
 2091      3 +2.87894592e+02 +1.60574736e-08 +1.96706100e-08 +3.63045705e-11 +2.59914401e-09
 2091      4 +2.88896240e+02 +1.64118497e-08 +1.92025720e-08 +4.96544958e-11 +2.41825004e-09
 2091      5 +2.89658630e+02 +1.67837868e-08 +1.88844389e-08 +3.39196171e-11 +1.90745131e-09
 2091      6 +2.90349304e+02 +1.71485279e-08 +1.96979109e-08 +4.23334007e-11 +1.71544845e-09
 2091      7 +2.90786835e+02 +1.72394152e-08 +2.06005151e-08 +4.75750689e-11 +1.63690117e-09
 2091      8 +2.90735260e+02 +1.69949992e-08 +1.97188132e-08 +3.69954935e-11 +1.67657377e-09
 2091      9 +2.90089325e+02 +1.53503947e-08 +1.99051531e-08 +1.86963986e-11 +1.73165371e-09
 2091     10 +2.89170135e+02 +1.53001842e-08 +1.99284127e-08 +3.03305367e-11 +2.34259367e-09
 2091     11 +2.88309631e+02 +1.51591433e-08 +1.97617318e-08 +3.16750272e-11 +2.54116062e-09
 2091     12 +2.87364899e+02 +1.53758819e-08 +2.06259312e-08 +3.11749654e-11 +2.52589949e-09
 2092      1 +2.87175568e+02 +1.62529581e-08 +1.98136352e-08 +3.80859858e-11 +2.36628650e-09
 2092      2 +2.87078064e+02 +1.64130540e-08 +2.01740402e-08 +3.05252108e-11 +2.42853071e-09
 2092      3 +2.87794800e+02 +1.65145320e-08 +1.99543617e-08 +3.69041950e-11 +2.66366906e-09
 2092      4 +2.88752075e+02 +1.60817581e-08 +1.96954453e-08 +3.45992922e-11 +2.38525888e-09
 2092      5 +2.89721893e+02 +1.68867338e-08 +1.92544469e-08 +3.34224003e-11 +2.06589035e-09
 2092      6 +2.90512512e+02 +1.74632380e-08 +1.95041512e-08 +3.83948116e-11 +1.66442538e-09
 2092      7 +2.90996216e+02 +1.71011774e-08 +2.04656487e-08 +3.52777217e-11 +1.68431180e-09
 2092      8 +2.90958832e+02 +1.67693042e-08 +1.99505301e-08 +2.80340421e-11 +1.67426317e-09
 2092      9 +2.90168518e+02 +1.54594080e-08 +1.93159284e-08 +2.42489362e-11 +1.88785476e-09
 2092     10 +2.89299683e+02 +1.52625486e-08 +1.96219077e-08 +3.29591528e-11 +2.40518339e-09
 2092     11 +2.88357483e+02 +1.58973563e-08 +1.93043732e-08 +2.70190433e-11 +2.63723066e-09
 2092     12 +2.87513092e+02 +1.59266769e-08 +2.13180620e-08 +2.44163214e-11 +2.44327469e-09
 2093      1 +2.87556824e+02 +1.59857834e-08 +2.10452971e-08 +3.03437414e-11 +2.24972618e-09
 2093      2 +2.87660126e+02 +1.61247637e-08 +2.06572004e-08 +3.27388255e-11 +2.53951926e-09
 2093      3 +2.88086273e+02 +1.57410636e-08 +2.05270752e-08 +3.92878438e-11 +2.64225242e-09
 2093      4 +2.88963531e+02 +1.57696700e-08 +1.92160847e-08 +3.20847481e-11 +2.39178899e-09
 2093      5 +2.89839783e+02 +1.61204952e-08 +2.07943600e-08 +3.13856371e-11 +1.95481675e-09
 2093      6 +2.90620819e+02 +1.75557826e-08 +1.91115266e-08 +2.65304861e-11 +1.66734526e-09
 2093      7 +2.90801697e+02 +1.68891638e-08 +1.99904857e-08 +4.90099281e-11 +1.75046877e-09
 2093      8 +2.90842743e+02 +1.63930238e-08 +2.01936103e-08 +3.96861294e-11 +1.78772974e-09
 2093      9 +2.90229645e+02 +1.62043694e-08 +1.91752250e-08 +2.91051939e-11 +1.82436521e-09
 2093     10 +2.89311646e+02 +1.57154716e-08 +1.94808596e-08 +1.91807490e-11 +2.10038009e-09
 2093     11 +2.88273193e+02 +1.54496895e-08 +2.06847250e-08 +3.05635864e-11 +2.50530152e-09
 2093     12 +2.87400696e+02 +1.56746438e-08 +2.04539088e-08 +2.61894447e-11 +2.27299779e-09
 2094      1 +2.87132141e+02 +1.57485935e-08 +2.08108872e-08 +2.85964082e-11 +2.31827446e-09
 2094      2 +2.87479523e+02 +1.63505796e-08 +1.95229752e-08 +2.43123958e-11 +2.19984075e-09
 2094      3 +2.87740936e+02 +1.62141021e-08 +2.00033803e-08 +5.26674503e-11 +2.78095680e-09
 2094      4 +2.88703949e+02 +1.62981877e-08 +1.94035152e-08 +5.22135113e-11 +2.55924038e-09
 2094      5 +2.89835815e+02 +1.71303185e-08 +1.92671532e-08 +4.85182068e-11 +1.95875094e-09
 2094      6 +2.90540710e+02 +1.69770491e-08 +1.98979109e-08 +3.46801789e-11 +1.72247849e-09
 2094      7 +2.91005859e+02 +1.79687554e-08 +2.03156372e-08 +2.88081503e-11 +1.54682345e-09
 2094      8 +2.90854950e+02 +1.66550898e-08 +1.92152818e-08 +2.96256769e-11 +1.76244175e-09
 2094      9 +2.90286530e+02 +1.62672418e-08 +1.94617265e-08 +2.49740211e-11 +1.85488291e-09
 2094     10 +2.89355560e+02 +1.58113611e-08 +1.91107823e-08 +2.38539015e-11 +2.37210251e-09
 2094     11 +2.88350281e+02 +1.58435647e-08 +2.03988044e-08 +2.39250581e-11 +2.36388753e-09
 2094     12 +2.87682495e+02 +1.62155569e-08 +2.01913188e-08 +3.34042863e-11 +2.46645726e-09
 2095      1 +2.87557129e+02 +1.60435807e-08 +2.06862776e-08 +3.33556897e-11 +2.35883335e-09
 2095      2 +2.87574707e+02 +1.53757522e-08 +2.07280078e-08 +2.73007415e-11 +2.21804752e-09
 2095      3 +2.88125183e+02 +1.57975784e-08 +2.06426343e-08 +2.48117308e-11 +2.56728905e-09
 2095      4 +2.89064178e+02 +1.60429696e-08 +1.99220427e-08 +4.03774930e-11 +2.49510435e-09
 2095      5 +2.89939178e+02 +1.67290501e-08 +1.93891019e-08 +3.53189422e-11 +1.97967998e-09
 2095      6 +2.90617584e+02 +1.72525763e-08 +1.99849612e-08 +3.31954186e-11 +1.59040481e-09
 2095      7 +2.91082458e+02 +1.73894694e-08 +1.95599874e-08 +4.13264457e-11 +1.59856717e-09
 2095      8 +2.90922974e+02 +1.71006018e-08 +1.90961806e-08 +4.09978197e-11 +1.75632087e-09
 2095      9 +2.90182861e+02 +1.59141340e-08 +1.95167615e-08 +2.46859443e-11 +1.84410576e-09
 2095     10 +2.89249451e+02 +1.53294941e-08 +2.01124344e-08 +3.58252109e-11 +2.32108355e-09
 2095     11 +2.88367859e+02 +1.54798432e-08 +2.04687698e-08 +3.24715498e-11 +2.54665999e-09
 2095     12 +2.87309174e+02 +1.56309952e-08 +2.00124788e-08 +2.87573906e-11 +2.47592857e-09
 2096      1 +2.87074615e+02 +1.57726578e-08 +2.10789590e-08 +3.88129355e-11 +2.40794717e-09
 2096      2 +2.87210083e+02 +1.61109543e-08 +2.04699653e-08 +3.25037497e-11 +2.40108444e-09
 2096      3 +2.87873596e+02 +1.66461422e-08 +1.93836538e-08 +3.29720487e-11 +2.53643795e-09
 2096      4 +2.88897369e+02 +1.64061831e-08 +1.97632861e-08 +3.59071661e-11 +2.38902498e-09
 2096      5 +2.89801910e+02 +1.65384950e-08 +1.92819876e-08 +3.03631773e-11 +1.93903249e-09
 2096      6 +2.90461792e+02 +1.72092811e-08 +1.98679864e-08 +3.63609524e-11 +1.70534775e-09
 2096      7 +2.90910370e+02 +1.70924874e-08 +1.94700913e-08 +5.78042614e-11 +1.69862213e-09
 2096      8 +2.90904297e+02 +1.64043428e-08 +1.91460963e-08 +4.10988396e-11 +1.75061965e-09
 2096      9 +2.90143433e+02 +1.49652521e-08 +2.06561150e-08 +1.82167684e-11 +1.76952675e-09
 2096     10 +2.89130890e+02 +1.58863820e-08 +1.98531289e-08 +3.35050009e-11 +2.44126896e-09
 2096     11 +2.88415375e+02 +1.60620530e-08 +1.92767367e-08 +2.21486961e-11 +2.41852338e-09
 2096     12 +2.87461426e+02 +1.60744218e-08 +2.00182999e-08 +2.67683393e-11 +2.44232989e-09
 2097      1 +2.87135559e+02 +1.61326401e-08 +2.04301003e-08 +2.98283412e-11 +2.38598274e-09
 2097      2 +2.87368622e+02 +1.68111658e-08 +1.98959089e-08 +2.12264858e-11 +2.26915420e-09
 2097      3 +2.88167847e+02 +1.67788379e-08 +2.05317399e-08 +3.08785220e-11 +2.38678366e-09
 2097      4 +2.89046112e+02 +1.67221508e-08 +1.94037479e-08 +2.74296124e-11 +2.39696862e-09
 2097      5 +2.89834412e+02 +1.64703096e-08 +1.90222522e-08 +2.81781855e-11 +1.95019445e-09
 2097      6 +2.90400909e+02 +1.73014403e-08 +1.93871994e-08 +4.15221711e-11 +1.77843440e-09
 2097      7 +2.90929962e+02 +1.75686612e-08 +1.99716688e-08 +3.97509282e-11 +1.71836589e-09
 2097      8 +2.90904755e+02 +1.66098140e-08 +1.96852508e-08 +2.81015211e-11 +1.74339942e-09
 2097      9 +2.90062500e+02 +1.58134501e-08 +1.98618455e-08 +2.61030971e-11 +1.79801696e-09
 2097     10 +2.89354858e+02 +1.57539137e-08 +1.93996197e-08 +2.52941609e-11 +2.17755458e-09
 2097     11 +2.88430328e+02 +1.57414206e-08 +2.03696153e-08 +2.08013416e-11 +2.49256482e-09
 2097     12 +2.87432556e+02 +1.55749991e-08 +2.01272652e-08 +4.13138759e-11 +2.36774778e-09
 2098      1 +2.87093750e+02 +1.64135816e-08 +2.03199910e-08 +4.27470628e-11 +2.40262898e-09
 2098      2 +2.87281128e+02 +1.66075740e-08 +1.98754417e-08 +3.35011047e-11 +2.42884313e-09
 2098      3 +2.87775726e+02 +1.66456253e-08 +1.95214405e-08 +3.69196652e-11 +2.57924548e-09
 2098      4 +2.88848846e+02 +1.68153154e-08 +1.89653839e-08 +4.29224503e-11 +2.53362664e-09
 2098      5 +2.89735718e+02 +1.67515228e-08 +1.93290290e-08 +3.55073297e-11 +1.93794825e-09
 2098      6 +2.90522980e+02 +1.70526597e-08 +1.96881835e-08 +4.12675970e-11 +1.65752612e-09
 2098      7 +2.90972534e+02 +1.75675297e-08 +1.99159800e-08 +3.36320416e-11 +1.67440473e-09
 2098      8 +2.90988434e+02 +1.73234600e-08 +1.89825826e-08 +2.12738212e-11 +1.64529579e-09
 2098      9 +2.90089111e+02 +1.58256341e-08 +1.97026040e-08 +2.35879320e-11 +1.96706496e-09
 2098     10 +2.89063232e+02 +1.53528195e-08 +1.88214049e-08 +2.40078495e-11 +2.24889551e-09
 2098     11 +2.88228394e+02 +1.58376512e-08 +1.96655261e-08 +2.53001058e-11 +2.41338061e-09
 2098     12 +2.87342987e+02 +1.57293769e-08 +2.04511910e-08 +2.76554439e-11 +2.25601804e-09
 2099      1 +2.87193115e+02 +1.61237086e-08 +2.12250555e-08 +2.99145188e-11 +2.11352913e-09
 2099      2 +2.87127777e+02 +1.64240266e-08 +1.97454053e-08 +2.57337086e-11 +2.27122854e-09
 2099      3 +2.87767792e+02 +1.68708691e-08 +1.91146672e-08 +3.88635964e-11 +2.47347565e-09
 2099      4 +2.88785309e+02 +1.66335656e-08 +1.94088283e-08 +3.12862167e-11 +2.43850073e-09
 2099      5 +2.89771057e+02 +1.75836714e-08 +1.90752765e-08 +3.06268934e-11 +2.03489670e-09
 2099      6 +2.90427856e+02 +1.71317893e-08 +2.01065262e-08 +3.29482969e-11 +1.64517044e-09
 2099      7 +2.90974670e+02 +1.73874852e-08 +1.93625933e-08 +4.01982649e-11 +1.55314039e-09
 2099      8 +2.90864746e+02 +1.74505814e-08 +1.88986640e-08 +3.20995314e-11 +1.73698644e-09
 2099      9 +2.90341248e+02 +1.60997224e-08 +1.93255456e-08 +1.58632569e-11 +1.74994153e-09
 2099     10 +2.89387848e+02 +1.56583511e-08 +1.93514467e-08 +3.07647414e-11 +2.34996556e-09
 2099     11 +2.88381348e+02 +1.61272471e-08 +1.99652082e-08 +3.10477963e-11 +2.73093814e-09
 2099     12 +2.87366028e+02 +1.62998468e-08 +2.10618794e-08 +3.25275328e-11 +2.50310128e-09