 Year  GRAZING_AREA (km^2)  HARVEST_SH1_AREA (km^2)  HARVEST_SH2_AREA (km^2)  HARVEST_SH3_AREA (km^2)  HARVEST_VH1_AREA (km^2)  HARVEST_VH2_AREA (km^2)  HARVEST_AREA (km^2)     AREA (km^2)  BARE_AREA (km^2)  FOREST_AREA (km^2)  SHRUB_AREA (km^2)  GRASS_AREA (km^2)  CROP_AREA (km^2)
 2015      +2.65481146e+11          +4.08440243e+08          +7.83291232e+09          +2.93051935e+09          +8.06054540e+08          +4.84852828e+08      +1.24627793e+10 +2.03028060e+08   +4.58577722e+07     +6.09429336e+07    +1.51481589e+07    +3.64611533e+07   +2.00210854e+07
 2016      +2.59653036e+11          +1.67717927e+08          +2.23340965e+09          +3.06641874e+08          +9.21702568e+08          +4.37549928e+08      +4.06702195e+09 +1.99261947e+08   +4.49866382e+07     +5.98665823e+07    +1.48593445e+07    +3.56351200e+07   +1.97735719e+07
 2017      +2.49686941e+11          +1.79613364e+08          +2.76675245e+09          +3.74783667e+08          +7.88299311e+08          +3.61919030e+08      +4.47136782e+09 +1.92313435e+08   +4.33966417e+07     +5.78229171e+07    +1.43342414e+07    +3.42571611e+07   +1.92035998e+07
 2018      +2.64285678e+11          +2.01203465e+08          +2.82990547e+09          +4.41526354e+08          +8.28926588e+08          +3.66593132e+08      +4.66815501e+09 +2.04397764e+08   +4.60989811e+07     +6.14949646e+07    +1.52282266e+07    +3.62753422e+07   +2.05373527e+07
 2019      +2.57129938e+11          +2.21831509e+08          +2.94546928e+09          +4.39178684e+08          +7.87588117e+08          +3.62102619e+08      +4.75617021e+09 +1.99771031e+08   +4.50300770e+07     +6.01330531e+07    +1.48771919e+07    +3.53319727e+07   +2.01963698e+07
 2020      +2.56934780e+11          +2.27265808e+08          +2.97529300e+09          +4.50353010e+08          +7.94422994e+08          +3.77452454e+08      +4.82478726e+09 +2.00965130e+08   +4.52718992e+07     +6.05137995e+07    +1.49600192e+07    +3.54313852e+07   +2.04409950e+07
 2021      +2.25519018e+11          +2.02735047e+08          +2.69770801e+09          +4.05374545e+08          +7.03157606e+08          +3.47950945e+08      +4.35692615e+09 +1.77302602e+08   +3.99056597e+07     +5.33539830e+07    +1.31701534e+07    +3.10294221e+07   +1.83630796e+07
 2022      +2.29249817e+11          +2.17479332e+08          +2.80182873e+09          +4.22333593e+08          +7.14598759e+08          +3.77639614e+08      +4.53388002e+09 +1.81010673e+08   +4.07026335e+07     +5.44106189e+07    +1.34185935e+07    +3.14664461e+07   +1.90828426e+07
 2023      +2.48382842e+11          +2.41461812e+08          +3.14360337e+09          +4.89165410e+08          +7.74534889e+08          +4.03798643e+08      +5.05256412e+09 +1.96951507e+08   +4.42449908e+07     +5.91128274e+07    +1.45726397e+07    +3.40316860e+07   +2.11285838e+07
 2024      +2.26616726e+11          +2.23539054e+08          +2.94204033e+09          +4.80721489e+08          +7.20114215e+08          +3.66524284e+08      +4.73293937e+09 +1.80563855e+08   +4.05229309e+07     +5.40925435e+07    +1.33356110e+07    +3.10323875e+07   +1.97049756e+07
 2025      +2.20590368e+11          +2.21601134e+08          +2.95932908e+09          +4.82628885e+08          +7.16266925e+08          +3.69724900e+08      +4.74955093e+09 +1.77118489e+08   +3.97054442e+07     +5.29447948e+07    +1.30582845e+07    +3.02962754e+07   +1.96556921e+07
 2026      +2.51989885e+11          +2.57036165e+08          +3.47128236e+09          +5.74270558e+08          +8.31410503e+08          +4.35663030e+08      +5.56966261e+09 +2.02434839e+08   +4.53437394e+07     +6.05649546e+07    +1.48938577e+07    +3.45739121e+07   +2.25332871e+07
 2027      +2.30624197e+11          +2.38248919e+08          +3.30304734e+09          +5.85845227e+08          +7.68347985e+08          +3.70394744e+08      +5.26588422e+09 +1.85407494e+08   +4.14951431e+07     +5.55058300e+07    +1.36151403e+07    +3.16288331e+07   +2.07003316e+07
 2028      +2.36286587e+11          +2.44912031e+08          +3.54372309e+09          +6.57099303e+08          +7.97066225e+08          +3.62026661e+08      +5.60482731e+09 +1.90129104e+08   +4.25158008e+07     +5.69452907e+07    +1.39368460e+07    +3.24054897e+07   +2.12914355e+07
 2029      +2.23165742e+11          +2.33289574e+08          +3.62800102e+09          +6.52299690e+08          +7.39046738e+08          +3.48963746e+08      +5.60160077e+09 +1.79773187e+08   +4.01645658e+07     +5.38584078e+07    +1.31561908e+07    +3.06222147e+07   +2.01921912e+07
 2030      +2.31735061e+11          +2.45687037e+08          +4.32619443e+09          +7.58736737e+08          +7.11514609e+08          +3.56247844e+08      +6.39838065e+09 +1.87294379e+08   +4.18047031e+07     +5.61124902e+07    +1.36886918e+07    +3.18977253e+07   +2.10999554e+07
 2031      +2.53216409e+11          +2.70926240e+08          +4.87776821e+09          +9.41484937e+08          +7.84163914e+08          +3.56630434e+08      +7.23097373e+09 +2.05352188e+08   +4.57875990e+07     +6.15251328e+07    +1.49814348e+07    +3.48093828e+07   +2.33701131e+07
 2032      +2.17110148e+11          +2.34340800e+08          +4.38625848e+09          +8.64969811e+08          +6.82158130e+08          +2.80163662e+08      +6.44789088e+09 +1.76668498e+08   +3.93490034e+07     +5.29248964e+07    +1.28672272e+07    +2.98153002e+07   +2.03085887e+07
 2033      +2.31996671e+11          +2.52986029e+08          +4.92936874e+09          +9.53665176e+08          +7.37405402e+08          +2.94503706e+08      +7.16792906e+09 +1.89452056e+08   +4.21470006e+07     +5.67394075e+07    +1.37770778e+07    +3.18408499e+07   +2.19955033e+07
 2034      +2.15605696e+11          +2.37758767e+08          +4.85527731e+09          +9.02484155e+08          +6.96096863e+08          +2.73382515e+08      +6.96499960e+09 +1.76780846e+08   +3.92803255e+07     +5.29220358e+07    +1.28370945e+07    +2.95973103e+07   +2.07269871e+07
 2035      +2.19953027e+11          +2.45582305e+08          +5.32097682e+09          +9.38906298e+08          +7.22752853e+08          +2.76540946e+08      +7.50475922e+09 +1.81556904e+08   +4.02906837e+07     +5.43213321e+07    +1.31672107e+07    +3.02889707e+07   +2.14929923e+07
 2036      +2.36252323e+11          +2.67037746e+08          +6.28570935e+09          +1.03438318e+09          +7.91984930e+08          +2.93217448e+08      +8.67233266e+09 +1.96073928e+08   +4.34871448e+07     +5.87885827e+07    +1.42019502e+07    +3.25713153e+07   +2.32704750e+07
 2037      +2.21374219e+11          +2.54678564e+08          +6.50708647e+09          +1.03411802e+09          +7.44813852e+08          +2.36849586e+08      +8.77754650e+09 +1.84672853e+08   +4.09342161e+07     +5.54584766e+07    +1.33604746e+07    +3.05736832e+07   +2.19727886e+07
 2038      +2.35953167e+11          +2.72992771e+08          +7.61792162e+09          +1.15394237e+09          +7.98514170e+08          +4.22512836e+08      +1.02658838e+10 +1.97910424e+08   +4.38412580e+07     +5.95041983e+07    +1.43027822e+07    +3.26781787e+07   +2.36070543e+07
 2039      +2.31178230e+11          +2.69994708e+08          +7.77990683e+09          +1.16741973e+09          +7.83922175e+08          +7.42574757e+08      +1.07438182e+10 +1.95075826e+08   +4.31844196e+07     +5.87029547e+07    +1.40838979e+07    +3.21437140e+07   +2.33273009e+07
 2040      +2.41568865e+11          +2.86826176e+08          +8.52107951e+09          +1.94857093e+09          +8.24359784e+08          +6.50996834e+08      +1.22318332e+10 +2.05838691e+08   +4.55352097e+07     +6.19759046e+07    +1.48481926e+07    +3.38667593e+07   +2.46751592e+07
 2041      +2.15610292e+11          +2.57575544e+08          +8.13494114e+09          +2.19875543e+09          +7.37151244e+08          +2.88167458e+08      +1.16165909e+10 +1.84417756e+08   +4.07694875e+07     +5.55987801e+07    +1.32906197e+07    +3.02554996e+07   +2.21610610e+07
 2042      +2.10399760e+11          +2.53549584e+08          +8.33791224e+09          +2.23237367e+09          +7.23215372e+08          +3.17362945e+08      +1.18644138e+10 +1.80593875e+08   +3.98971490e+07     +5.45038981e+07    +1.30034258e+07    +2.95562884e+07   +2.17540703e+07
 2043      +2.20083848e+11          +2.67818288e+08          +9.20561963e+09          +2.40000628e+09          +7.42818209e+08          +3.49353838e+08      +1.29656163e+10 +1.89598680e+08   +4.18577825e+07     +5.72713521e+07    +1.36402585e+07    +3.09655904e+07   +2.28937167e+07
 2044      +2.27625054e+11          +2.79522317e+08          +9.92507208e+09          +2.56138939e+09          +7.68993988e+08          +3.93598855e+08      +1.39285766e+10 +1.96915701e+08   +4.34426535e+07     +5.95235632e+07    +1.41555211e+07    +3.21039610e+07   +2.38335606e+07
 2045      +2.11523351e+11          +2.63278575e+08          +9.62064908e+09          +2.45497173e+09          +7.21267754e+08          +4.05219883e+08      +1.34653870e+10 +1.84342462e+08   +4.06389362e+07     +5.57494487e+07    +1.32433961e+07    +3.00135001e+07   +2.23639940e+07
 2046      +2.13013999e+11          +2.67753238e+08          +1.01089585e+10          +2.62827412e+09          +7.29832504e+08          +3.47765222e+08      +1.40825835e+10 +1.86458827e+08   +4.10778974e+07     +5.64431980e+07    +1.33823821e+07    +3.02207094e+07   +2.27450544e+07
 2047      +2.27345797e+11          +2.89270231e+08          +1.12545095e+10          +2.96604721e+09          +7.78856445e+08          +2.86505329e+08      +1.55751887e+10 +1.99915879e+08   +4.40119952e+07     +6.05534632e+07    +1.43359150e+07    +3.22746936e+07   +2.45198977e+07
 2048      +2.10182997e+11          +2.70153811e+08          +1.08572354e+10          +2.76929263e+09          +7.21488268e+08          +2.63237369e+08      +1.48814076e+10 +1.85658176e+08   +4.08444401e+07     +5.62574649e+07    +1.33023439e+07    +2.98664031e+07   +2.28949381e+07
 2049      +2.05718336e+11          +2.67014275e+08          +1.09947859e+10          +2.72668250e+09          +6.98786951e+08          +2.66040863e+08      +1.49533105e+10 +1.82654867e+08   +4.01550711e+07     +5.53567943e+07    +1.30766608e+07    +2.92913209e+07   +2.26462863e+07
 2050      +2.19315803e+11          +2.88731603e+08          +1.18826200e+10          +2.83465256e+09          +7.51350501e+08          +3.03942427e+08      +1.60612970e+10 +1.96379951e+08   +4.31404157e+07     +5.95108791e+07    +1.40495075e+07    +3.14090176e+07   +2.44785967e+07