 Year  Month      TREFHT (K)     PRECC (m/s)
 2015      1 +2.86078186e+02 +1.50205022e-08
 2015      2 +2.86141754e+02 +1.54270676e-08
 2015      3 +2.86772278e+02 +1.57136277e-08
 2015      4 +2.87500244e+02 +1.59571005e-08
 2015      5 +2.88563477e+02 +1.58398628e-08
 2015      6 +2.89172577e+02 +1.62960809e-08
 2015      7 +2.89664825e+02 +1.62721960e-08
 2015      8 +2.89454132e+02 +1.61114926e-08
 2015      9 +2.88910645e+02 +1.53222715e-08
 2015     10 +2.87843597e+02 +1.44239598e-08
 2015     11 +2.86734161e+02 +1.55239199e-08
 2015     12 +2.85909760e+02 +1.47247192e-08
 2016      1 +2.85416382e+02 +1.51029802e-08
 2016      2 +2.85989380e+02 +1.58490856e-08
 2016      3 +2.86644623e+02 +1.54704889e-08
 2016      4 +2.87486420e+02 +1.52724802e-08
 2016      5 +2.88411255e+02 +1.63785572e-08
 2016      6 +2.89238342e+02 +1.63299596e-08
 2016      7 +2.89754425e+02 +1.65228986e-08
 2016      8 +2.89708832e+02 +1.63306471e-08
 2016      9 +2.88964722e+02 +1.52321746e-08
 2016     10 +2.87975525e+02 +1.50266910e-08
 2016     11 +2.87114807e+02 +1.50312687e-08
 2016     12 +2.86048065e+02 +1.53508832e-08
 2017      1 +2.85834106e+02 +1.48407038e-08
 2017      2 +2.86236176e+02 +1.50080268e-08
 2017      3 +2.86716858e+02 +1.55590936e-08
 2017      4 +2.87624756e+02 +1.55698299e-08
 2017      5 +2.88499878e+02 +1.60053411e-08
 2017      6 +2.89109650e+02 +1.59347042e-08
 2017      7 +2.89657928e+02 +1.66274585e-08
 2017      8 +2.89627838e+02 +1.59316720e-08
 2017      9 +2.89161438e+02 +1.50612038e-08
 2017     10 +2.88180481e+02 +1.52147575e-08
 2017     11 +2.87090363e+02 +1.49647743e-08
 2017     12 +2.86390198e+02 +1.60938178e-08
 2018      1 +2.85981964e+02 +1.58610618e-08
 2018      2 +2.86131073e+02 +1.57873412e-08
 2018      3 +2.86779297e+02 +1.55926099e-08
 2018      4 +2.87629730e+02 +1.54966315e-08
 2018      5 +2.88668610e+02 +1.58170756e-08
 2018      6 +2.89392303e+02 +1.62485758e-08
 2018      7 +2.89825287e+02 +1.67580225e-08
 2018      8 +2.89723267e+02 +1.62922174e-08
 2018      9 +2.89206940e+02 +1.52593636e-08
 2018     10 +2.88209137e+02 +1.48547672e-08
 2018     11 +2.87105682e+02 +1.45983146e-08
 2018     12 +2.86174408e+02 +1.52883466e-08
 2019      1 +2.85618561e+02 +1.56746616e-08
 2019      2 +2.86049255e+02 +1.59868936e-08
 2019      3 +2.86643097e+02 +1.58820050e-08
 2019      4 +2.87702515e+02 +1.56632556e-08
 2019      5 +2.88561218e+02 +1.55636002e-08
 2019      6 +2.89226471e+02 +1.60846625e-08
 2019      7 +2.89568695e+02 +1.64948499e-08
 2019      8 +2.89517487e+02 +1.57939084e-08
 2019      9 +2.89061340e+02 +1.53329598e-08
 2019     10 +2.88198395e+02 +1.53809090e-08
 2019     11 +2.87092987e+02 +1.47051580e-08
 2019     12 +2.86101959e+02 +1.54676787e-08
 2020      1 +2.85781677e+02 +1.53025024e-08
 2020      2 +2.85892090e+02 +1.56887747e-08
 2020      3 +2.86572144e+02 +1.55572231e-08
 2020      4 +2.87600220e+02 +1.56925992e-08
 2020      5 +2.88623657e+02 +1.64284604e-08
 2020      6 +2.89304688e+02 +1.65635399e-08
 2020      7 +2.89686890e+02 +1.68355427e-08
 2020      8 +2.89704285e+02 +1.64739031e-08
 2020      9 +2.89005310e+02 +1.53807207e-08
 2020     10 +2.88155975e+02 +1.52202624e-08
 2020     11 +2.87207153e+02 +1.48479362e-08
 2020     12 +2.86392792e+02 +1.54765196e-08
 2021      1 +2.86005402e+02 +1.50268509e-08
 2021      2 +2.86156189e+02 +1.59146030e-08
 2021      3 +2.86975922e+02 +1.58897802e-08
 2021      4 +2.87761780e+02 +1.58214419e-08
 2021      5 +2.88738892e+02 +1.62923701e-08
 2021      6 +2.89441772e+02 +1.60498885e-08
 2021      7 +2.89939758e+02 +1.64738783e-08
 2021      8 +2.89719879e+02 +1.64516401e-08
 2021      9 +2.89069916e+02 +1.55426552e-08
 2021     10 +2.88140503e+02 +1.52736561e-08
 2021     11 +2.87052094e+02 +1.49095314e-08
 2021     12 +2.86442780e+02 +1.48525903e-08
 2022      1 +2.85965973e+02 +1.50273252e-08
 2022      2 +2.86269165e+02 +1.49383457e-08
 2022      3 +2.86631287e+02 +1.52445967e-08
 2022      4 +2.87509003e+02 +1.52936384e-08
 2022      5 +2.88423767e+02 +1.59465703e-08
 2022      6 +2.89245117e+02 +1.61807350e-08
 2022      7 +2.89606689e+02 +1.66009109e-08
 2022      8 +2.89392761e+02 +1.66121534e-08
 2022      9 +2.88782349e+02 +1.55806070e-08
 2022     10 +2.88034332e+02 +1.50768251e-08
 2022     11 +2.86923462e+02 +1.51277373e-08
 2022     12 +2.86083710e+02 +1.50612802e-08
 2023      1 +2.85651215e+02 +1.56128053e-08
 2023      2 +2.86128113e+02 +1.54475615e-08
 2023      3 +2.86729340e+02 +1.56630424e-08
 2023      4 +2.87498596e+02 +1.60009765e-08
 2023      5 +2.88485840e+02 +1.60018487e-08
 2023      6 +2.89294189e+02 +1.63559921e-08
 2023      7 +2.89591400e+02 +1.62176672e-08
 2023      8 +2.89569061e+02 +1.58945372e-08
 2023      9 +2.89032684e+02 +1.52153348e-08
 2023     10 +2.88121490e+02 +1.51889950e-08
 2023     11 +2.87093842e+02 +1.50791966e-08
 2023     12 +2.86144836e+02 +1.54584381e-08
 2024      1 +2.86074158e+02 +1.53201984e-08
 2024      2 +2.86069580e+02 +1.57382676e-08
 2024      3 +2.86843811e+02 +1.60161644e-08
 2024      4 +2.87745758e+02 +1.55639661e-08
 2024      5 +2.88647308e+02 +1.64986211e-08
 2024      6 +2.89301941e+02 +1.65064140e-08
 2024      7 +2.89772125e+02 +1.60066076e-08
 2024      8 +2.89685028e+02 +1.61311355e-08
 2024      9 +2.88966492e+02 +1.52829589e-08
 2024     10 +2.88262543e+02 +1.51242876e-08
 2024     11 +2.87064209e+02 +1.49416213e-08
 2024     12 +2.86372253e+02 +1.49843977e-08
 2025      1 +2.85834808e+02 +1.60439129e-08
 2025      2 +2.86317596e+02 +1.55564575e-08
 2025      3 +2.86890594e+02 +1.56483040e-08
 2025      4 +2.87721008e+02 +1.55569833e-08
 2025      5 +2.88607147e+02 +1.59195945e-08
 2025      6 +2.89358215e+02 +1.61238543e-08
 2025      7 +2.89854095e+02 +1.64591967e-08
 2025      8 +2.89764496e+02 +1.62969140e-08
 2025      9 +2.89010040e+02 +1.49995927e-08
 2025     10 +2.88157501e+02 +1.49744679e-08
 2025     11 +2.86997162e+02 +1.58043303e-08
 2025     12 +2.86095551e+02 +1.52718975e-08
 2026      1 +2.85816956e+02 +1.53041384e-08
 2026      2 +2.86455322e+02 +1.56119402e-08
 2026      3 +2.86873932e+02 +1.59409979e-08
 2026      4 +2.87874847e+02 +1.59022058e-08
 2026      5 +2.88681854e+02 +1.62118479e-08
 2026      6 +2.89509430e+02 +1.66158447e-08
 2026      7 +2.89905212e+02 +1.67619572e-08
 2026      8 +2.89820282e+02 +1.64087179e-08
 2026      9 +2.89235779e+02 +1.56360684e-08
 2026     10 +2.88258209e+02 +1.53291868e-08
 2026     11 +2.87253571e+02 +1.48355870e-08
 2026     12 +2.86296021e+02 +1.50499151e-08
 2027      1 +2.86147278e+02 +1.52841952e-08
 2027      2 +2.86284943e+02 +1.49324695e-08
 2027      3 +2.86972595e+02 +1.57214775e-08
 2027      4 +2.87803070e+02 +1.54548907e-08
 2027      5 +2.88656250e+02 +1.58079239e-08
 2027      6 +2.89394257e+02 +1.67056520e-08
 2027      7 +2.89929688e+02 +1.71315317e-08
 2027      8 +2.89856079e+02 +1.60300271e-08
 2027      9 +2.89169495e+02 +1.50646962e-08
 2027     10 +2.88022919e+02 +1.45904604e-08
 2027     11 +2.87402496e+02 +1.52587436e-08
 2027     12 +2.86497742e+02 +1.55352797e-08
 2028      1 +2.86477966e+02 +1.53606994e-08
 2028      2 +2.86501831e+02 +1.53819570e-08
 2028      3 +2.87034851e+02 +1.59118709e-08
 2028      4 +2.88095337e+02 +1.61676397e-08
 2028      5 +2.88995636e+02 +1.61685865e-08
 2028      6 +2.89598053e+02 +1.61469984e-08
 2028      7 +2.90048859e+02 +1.69486771e-08
 2028      8 +2.90111237e+02 +1.60963758e-08
 2028      9 +2.89359497e+02 +1.50589994e-08
 2028     10 +2.88462738e+02 +1.49790491e-08
 2028     11 +2.87408295e+02 +1.50442343e-08
 2028     12 +2.86580841e+02 +1.51304018e-08
 2029      1 +2.86604584e+02 +1.60850515e-08
 2029      2 +2.86530334e+02 +1.57270215e-08
 2029      3 +2.87037628e+02 +1.56458189e-08
 2029      4 +2.87766724e+02 +1.53760382e-08
 2029      5 +2.88629761e+02 +1.58759885e-08
 2029      6 +2.89352539e+02 +1.65810174e-08
 2029      7 +2.89773529e+02 +1.61788840e-08
 2029      8 +2.89771698e+02 +1.61505476e-08
 2029      9 +2.89198059e+02 +1.56763083e-08
 2029     10 +2.88299408e+02 +1.47988031e-08
 2029     11 +2.87302399e+02 +1.53185375e-08
 2029     12 +2.86504333e+02 +1.51454724e-08
 2030      1 +2.85791016e+02 +1.55794364e-08
 2030      2 +2.86227692e+02 +1.56614082e-08
 2030      3 +2.86736542e+02 +1.54992765e-08
 2030      4 +2.87650940e+02 +1.56520326e-08
 2030      5 +2.88703522e+02 +1.58767595e-08
 2030      6 +2.89487793e+02 +1.63610618e-08
 2030      7 +2.89703430e+02 +1.62494089e-08
 2030      8 +2.89809479e+02 +1.64630105e-08
 2030      9 +2.89137329e+02 +1.58128977e-08
 2030     10 +2.88248291e+02 +1.51851278e-08
 2030     11 +2.87254944e+02 +1.48360391e-08
 2030     12 +2.86198761e+02 +1.49799266e-08
 2031      1 +2.85927551e+02 +1.51095190e-08
 2031      2 +2.86431427e+02 +1.49277710e-08
 2031      3 +2.86803345e+02 +1.54914996e-08
 2031      4 +2.87929443e+02 +1.55176121e-08
 2031      5 +2.88758759e+02 +1.61888138e-08
 2031      6 +2.89488831e+02 +1.63884852e-08
 2031      7 +2.89803558e+02 +1.67446501e-08
 2031      8 +2.89840698e+02 +1.64471583e-08
 2031      9 +2.89393341e+02 +1.55296860e-08
 2031     10 +2.88402039e+02 +1.51842787e-08
 2031     11 +2.87419830e+02 +1.50041828e-08
 2031     12 +2.86645508e+02 +1.52787472e-08
 2032      1 +2.86451477e+02 +1.53853890e-08
 2032      2 +2.86447144e+02 +1.57493041e-08
 2032      3 +2.87093170e+02 +1.61763154e-08
 2032      4 +2.88177856e+02 +1.63672027e-08
 2032      5 +2.88956573e+02 +1.59683076e-08
 2032      6 +2.89682587e+02 +1.62004223e-08
 2032      7 +2.90153503e+02 +1.66374399e-08
 2032      8 +2.90010651e+02 +1.62717306e-08
 2032      9 +2.89295349e+02 +1.53448187e-08
 2032     10 +2.88305573e+02 +1.52519988e-08
 2032     11 +2.87437164e+02 +1.58744342e-08
 2032     12 +2.86317688e+02 +1.57343241e-08
 2033      1 +2.86212280e+02 +1.53632698e-08
 2033      2 +2.86094666e+02 +1.57636801e-08
 2033      3 +2.86848297e+02 +1.58480677e-08
 2033      4 +2.87944244e+02 +1.64883200e-08
 2033      5 +2.88973877e+02 +1.64812946e-08
 2033      6 +2.89527130e+02 +1.64649752e-08
 2033      7 +2.89990784e+02 +1.66987455e-08
 2033      8 +2.89934998e+02 +1.63416995e-08
 2033      9 +2.89266632e+02 +1.53801452e-08
 2033     10 +2.88292145e+02 +1.54063713e-08
 2033     11 +2.87240540e+02 +1.56361963e-08
 2033     12 +2.86564819e+02 +1.60380385e-08
 2034      1 +2.86176605e+02 +1.58653943e-08
 2034      2 +2.86318237e+02 +1.54514481e-08
 2034      3 +2.86749451e+02 +1.52767843e-08
 2034      4 +2.87837738e+02 +1.55763509e-08
 2034      5 +2.88713287e+02 +1.60046270e-08
 2034      6 +2.89565033e+02 +1.63701070e-08
 2034      7 +2.89929779e+02 +1.66765233e-08
 2034      8 +2.89721252e+02 +1.63969478e-08
 2034      9 +2.89086090e+02 +1.57415094e-08
 2034     10 +2.88194519e+02 +1.49196318e-08
 2034     11 +2.87040802e+02 +1.51025308e-08
 2034     12 +2.86089600e+02 +1.51240513e-08
 2035      1 +2.85846100e+02 +1.51729171e-08
 2035      2 +2.86158325e+02 +1.52553152e-08
 2035      3 +2.86762756e+02 +1.54946900e-08
 2035      4 +2.87984772e+02 +1.55356510e-08
 2035      5 +2.88769318e+02 +1.55948694e-08
 2035      6 +2.89448578e+02 +1.62483342e-08
 2035      7 +2.89815430e+02 +1.66017919e-08
 2035      8 +2.89841583e+02 +1.60918514e-08
 2035      9 +2.89164032e+02 +1.58713274e-08
 2035     10 +2.88181152e+02 +1.50574131e-08
 2035     11 +2.87203094e+02 +1.53324642e-08
 2035     12 +2.86292114e+02 +1.52271102e-08
 2036      1 +2.85941284e+02 +1.51317181e-08
 2036      2 +2.86143158e+02 +1.58210760e-08
 2036      3 +2.86969910e+02 +1.54987205e-08
 2036      4 +2.87871246e+02 +1.59504658e-08
 2036      5 +2.88865356e+02 +1.59472933e-08
 2036      6 +2.89597260e+02 +1.64402394e-08
 2036      7 +2.89967194e+02 +1.67501994e-08
 2036      8 +2.89936401e+02 +1.67006515e-08
 2036      9 +2.89294342e+02 +1.57515476e-08
 2036     10 +2.88375519e+02 +1.48139767e-08
 2036     11 +2.87366760e+02 +1.57280020e-08
 2036     12 +2.86707977e+02 +1.56256199e-08
 2037      1 +2.86329742e+02 +1.50632378e-08
 2037      2 +2.86301056e+02 +1.59331162e-08
 2037      3 +2.87154480e+02 +1.55134217e-08
 2037      4 +2.88114014e+02 +1.57559281e-08
 2037      5 +2.88889130e+02 +1.62567133e-08
 2037      6 +2.89592560e+02 +1.61498832e-08
 2037      7 +2.90052216e+02 +1.65338747e-08
 2037      8 +2.90048370e+02 +1.61514198e-08
 2037      9 +2.89409363e+02 +1.49928834e-08
 2037     10 +2.88425232e+02 +1.52988928e-08
 2037     11 +2.87519745e+02 +1.58985927e-08
 2037     12 +2.86613556e+02 +1.56730291e-08
 2038      1 +2.86542175e+02 +1.56986726e-08
 2038      2 +2.86615356e+02 +1.55535176e-08
 2038      3 +2.87185547e+02 +1.55686077e-08
 2038      4 +2.88337463e+02 +1.57983511e-08
 2038      5 +2.89086212e+02 +1.57553739e-08
 2038      6 +2.89749634e+02 +1.65796177e-08
 2038      7 +2.90099304e+02 +1.66500129e-08
 2038      8 +2.90011078e+02 +1.61894924e-08
 2038      9 +2.89408936e+02 +1.52165125e-08
 2038     10 +2.88363434e+02 +1.48443249e-08
 2038     11 +2.87084686e+02 +1.49346757e-08
 2038     12 +2.86218536e+02 +1.52451847e-08
 2039      1 +2.85968506e+02 +1.52924251e-08
 2039      2 +2.86370422e+02 +1.59138995e-08
 2039      3 +2.86759705e+02 +1.57991202e-08
 2039      4 +2.87793610e+02 +1.60805946e-08
 2039      5 +2.88791901e+02 +1.61741340e-08
 2039      6 +2.89487396e+02 +1.66856431e-08
 2039      7 +2.89866608e+02 +1.68611045e-08
 2039      8 +2.89900909e+02 +1.67784684e-08
 2039      9 +2.89256927e+02 +1.53664441e-08
 2039     10 +2.88294861e+02 +1.49725619e-08
 2039     11 +2.87314941e+02 +1.53440443e-08
 2039     12 +2.86291199e+02 +1.57739386e-08
 2040      1 +2.85731079e+02 +1.48420778e-08
 2040      2 +2.86196411e+02 +1.60252540e-08
 2040      3 +2.86983063e+02 +1.57293272e-08
 2040      4 +2.87861237e+02 +1.53146296e-08
 2040      5 +2.88716522e+02 +1.59039608e-08
 2040      6 +2.89488739e+02 +1.65686309e-08
 2040      7 +2.89868042e+02 +1.63662595e-08
 2040      8 +2.89928589e+02 +1.71736119e-08
 2040      9 +2.89407135e+02 +1.57264566e-08
 2040     10 +2.88494598e+02 +1.53079274e-08
 2040     11 +2.87414154e+02 +1.52103254e-08
 2040     12 +2.86704559e+02 +1.53480304e-08
 2041      1 +2.86494019e+02 +1.55565054e-08
 2041      2 +2.86585083e+02 +1.49855452e-08
 2041      3 +2.87263367e+02 +1.52822750e-08
 2041      4 +2.87871277e+02 +1.58763491e-08
 2041      5 +2.88977356e+02 +1.62642380e-08
 2041      6 +2.89700378e+02 +1.61384115e-08
 2041      7 +2.90146851e+02 +1.65497749e-08
 2041      8 +2.90220428e+02 +1.68147061e-08
 2041      9 +2.89387207e+02 +1.52107891e-08
 2041     10 +2.88421783e+02 +1.52647939e-08
 2041     11 +2.87431122e+02 +1.54674442e-08
 2041     12 +2.86319794e+02 +1.55845026e-08
 2042      1 +2.86169556e+02 +1.55816497e-08
 2042      2 +2.86502106e+02 +1.52553419e-08
 2042      3 +2.87299713e+02 +1.58293272e-08
 2042      4 +2.88295593e+02 +1.55265987e-08
 2042      5 +2.89148010e+02 +1.57808415e-08
 2042      6 +2.89790009e+02 +1.65308798e-08
 2042      7 +2.90128510e+02 +1.65989640e-08
 2042      8 +2.90139557e+02 +1.57723097e-08
 2042      9 +2.89489990e+02 +1.55142370e-08
 2042     10 +2.88498199e+02 +1.51351998e-08
 2042     11 +2.87418579e+02 +1.52901265e-08
 2042     12 +2.86827271e+02 +1.54489435e-08
 2043      1 +2.86314453e+02 +1.55908726e-08
 2043      2 +2.86500732e+02 +1.57208557e-08
 2043      3 +2.87126587e+02 +1.59272471e-08
 2043      4 +2.88003113e+02 +1.62149210e-08
 2043      5 +2.89048004e+02 +1.63179745e-08
 2043      6 +2.89912506e+02 +1.69172054e-08
 2043      7 +2.90304260e+02 +1.70869630e-08
 2043      8 +2.90224274e+02 +1.63101337e-08
 2043      9 +2.89473694e+02 +1.55264974e-08
 2043     10 +2.88629852e+02 +1.54252362e-08
 2043     11 +2.87625732e+02 +1.55379105e-08
 2043     12 +2.86490692e+02 +1.53987312e-08
 2044      1 +2.86419312e+02 +1.54810191e-08
 2044      2 +2.86562958e+02 +1.57942104e-08
 2044      3 +2.87036713e+02 +1.59269469e-08
 2044      4 +2.88027191e+02 +1.60032094e-08
 2044      5 +2.89101990e+02 +1.61981575e-08
 2044      6 +2.89766296e+02 +1.65375855e-08
 2044      7 +2.90166290e+02 +1.69712795e-08
 2044      8 +2.89993103e+02 +1.61073945e-08
 2044      9 +2.89360687e+02 +1.56513078e-08
 2044     10 +2.88518036e+02 +1.53321960e-08
 2044     11 +2.87490082e+02 +1.54683377e-08
 2044     12 +2.86415924e+02 +1.54186086e-08
 2045      1 +2.86256622e+02 +1.56872133e-08
 2045      2 +2.86418121e+02 +1.60768341e-08
 2045      3 +2.87051025e+02 +1.59090572e-08
 2045      4 +2.88200653e+02 +1.59896754e-08
 2045      5 +2.89033630e+02 +1.61654370e-08
 2045      6 +2.89870941e+02 +1.65797953e-08
 2045      7 +2.90228851e+02 +1.62322866e-08
 2045      8 +2.90282166e+02 +1.65145746e-08
 2045      9 +2.89548615e+02 +1.50145176e-08
 2045     10 +2.88634949e+02 +1.53465010e-08
 2045     11 +2.87585449e+02 +1.53329420e-08
 2045     12 +2.86833069e+02 +1.54428275e-08
 2046      1 +2.86370148e+02 +1.58785305e-08
 2046      2 +2.86675720e+02 +1.51992108e-08
 2046      3 +2.87194214e+02 +1.52769708e-08
 2046      4 +2.88282654e+02 +1.59931393e-08
 2046      5 +2.89152100e+02 +1.60978377e-08
 2046      6 +2.89877533e+02 +1.66615255e-08
 2046      7 +2.90494659e+02 +1.70730026e-08
 2046      8 +2.90400513e+02 +1.59259717e-08
 2046      9 +2.89638672e+02 +1.55441633e-08
 2046     10 +2.88742554e+02 +1.51387827e-08
 2046     11 +2.87629364e+02 +1.53424331e-08
 2046     12 +2.86920776e+02 +1.52602677e-08
 2047      1 +2.86598694e+02 +1.55402482e-08
 2047      2 +2.86870758e+02 +1.55002002e-08
 2047      3 +2.87155060e+02 +1.58233107e-08
 2047      4 +2.88254791e+02 +1.61786780e-08
 2047      5 +2.89171753e+02 +1.68199961e-08
 2047      6 +2.89900574e+02 +1.69112315e-08
 2047      7 +2.90296082e+02 +1.66048189e-08
 2047      8 +2.90227631e+02 +1.65872205e-08
 2047      9 +2.89585663e+02 +1.56969424e-08
 2047     10 +2.88680817e+02 +1.50829269e-08
 2047     11 +2.87779938e+02 +1.57477729e-08
 2047     12 +2.86907166e+02 +1.58064992e-08
 2048      1 +2.86550476e+02 +1.56165942e-08
 2048      2 +2.86724152e+02 +1.62656288e-08
 2048      3 +2.87292633e+02 +1.61814437e-08
 2048      4 +2.88246429e+02 +1.59487836e-08
 2048      5 +2.89279755e+02 +1.68043535e-08
 2048      6 +2.89927429e+02 +1.67816392e-08
 2048      7 +2.90334442e+02 +1.67124714e-08
 2048      8 +2.90243256e+02 +1.66627245e-08
 2048      9 +2.89618866e+02 +1.57356013e-08
 2048     10 +2.88644653e+02 +1.50635930e-08
 2048     11 +2.87667236e+02 +1.51892063e-08
 2048     12 +2.86632935e+02 +1.51542938e-08
 2049      1 +2.86172791e+02 +1.56283502e-08
 2049      2 +2.86506104e+02 +1.56421525e-08
 2049      3 +2.87381256e+02 +1.60213371e-08
 2049      4 +2.88287079e+02 +1.65101426e-08
 2049      5 +2.89100464e+02 +1.59831970e-08
 2049      6 +2.89803772e+02 +1.68514926e-08
 2049      7 +2.90355316e+02 +1.70517005e-08
 2049      8 +2.90308441e+02 +1.64176299e-08
 2049      9 +2.89693451e+02 +1.52104409e-08
 2049     10 +2.88715393e+02 +1.55389444e-08
 2049     11 +2.87817688e+02 +1.53819730e-08
 2049     12 +2.87114960e+02 +1.53309401e-08
 2050      1 +2.86855225e+02 +1.54934323e-08
 2050      2 +2.86963531e+02 +1.61141127e-08
 2050      3 +2.87589783e+02 +1.58585447e-08
 2050      4 +2.88328522e+02 +1.56684603e-08
 2050      5 +2.89174194e+02 +1.60488263e-08
 2050      6 +2.89832733e+02 +1.65897429e-08
 2050      7 +2.90386292e+02 +1.68130114e-08
 2050      8 +2.90368591e+02 +1.66491319e-08
 2050      9 +2.89673492e+02 +1.52339243e-08
 2050     10 +2.88698456e+02 +1.51607598e-08
 2050     11 +2.87574768e+02 +1.58139155e-08
 2050     12 +2.86731354e+02 +1.53063180e-08
 2051      1 +2.86504883e+02 +1.53677924e-08
 2051      2 +2.86640137e+02 +1.51527253e-08
 2051      3 +2.87272491e+02 +1.59482951e-08
 2051      4 +2.88276245e+02 +1.59209890e-08
 2051      5 +2.89216553e+02 +1.63357754e-08
 2051      6 +2.89895569e+02 +1.68743650e-08
 2051      7 +2.90294098e+02 +1.65810992e-08
 2051      8 +2.90247498e+02 +1.65219465e-08
 2051      9 +2.89437408e+02 +1.60341482e-08
 2051     10 +2.88628784e+02 +1.49707429e-08
 2051     11 +2.87612885e+02 +1.53408912e-08
 2051     12 +2.86587097e+02 +1.52323576e-08
 2052      1 +2.86469696e+02 +1.52606141e-08
 2052      2 +2.86879944e+02 +1.57848472e-08
 2052      3 +2.87319855e+02 +1.57536615e-08
 2052      4 +2.88166779e+02 +1.59114020e-08
 2052      5 +2.89045746e+02 +1.61154841e-08
 2052      6 +2.89904480e+02 +1.69230105e-08
 2052      7 +2.90396240e+02 +1.65630230e-08
 2052      8 +2.90251862e+02 +1.66471228e-08
 2052      9 +2.89617096e+02 +1.55700359e-08
 2052     10 +2.88733765e+02 +1.51607793e-08
 2052     11 +2.87813049e+02 +1.57505493e-08
 2052     12 +2.86978760e+02 +1.55466715e-08
 2053      1 +2.86556152e+02 +1.55014206e-08
 2053      2 +2.87004883e+02 +1.56290714e-08
 2053      3 +2.87714478e+02 +1.61068332e-08
 2053      4 +2.88293671e+02 +1.62148055e-08
 2053      5 +2.89496582e+02 +1.62971130e-08
 2053      6 +2.90060089e+02 +1.71418737e-08
 2053      7 +2.90524414e+02 +1.71037282e-08
 2053      8 +2.90388977e+02 +1.66828134e-08
 2053      9 +2.89669342e+02 +1.56321676e-08
 2053     10 +2.88765564e+02 +1.58972728e-08
 2053     11 +2.87720856e+02 +1.55688387e-08
 2053     12 +2.86835144e+02 +1.48747148e-08
 2054      1 +2.86616699e+02 +1.58260534e-08
 2054      2 +2.86725494e+02 +1.64711640e-08
 2054      3 +2.87498901e+02 +1.60215752e-08
 2054      4 +2.88431946e+02 +1.60482152e-08
 2054      5 +2.89412018e+02 +1.62108762e-08
 2054      6 +2.90166534e+02 +1.68986940e-08
 2054      7 +2.90381073e+02 +1.72077090e-08
 2054      8 +2.90385773e+02 +1.65745675e-08
 2054      9 +2.89667480e+02 +1.56114854e-08
 2054     10 +2.88611603e+02 +1.50599089e-08
 2054     11 +2.87635010e+02 +1.56108602e-08
 2054     12 +2.86801697e+02 +1.55409730e-08
 2055      1 +2.86506531e+02 +1.57692082e-08
 2055      2 +2.86745544e+02 +1.60952958e-08
 2055      3 +2.87413422e+02 +1.58218647e-08
 2055      4 +2.88409393e+02 +1.66283307e-08
 2055      5 +2.89269958e+02 +1.56892401e-08
 2055      6 +2.89964020e+02 +1.71541803e-08
 2055      7 +2.90583832e+02 +1.65119847e-08
 2055      8 +2.90557587e+02 +1.69461991e-08
 2055      9 +2.89762390e+02 +1.58330149e-08
 2055     10 +2.88800507e+02 +1.51751536e-08
 2055     11 +2.87803619e+02 +1.59032254e-08
 2055     12 +2.86952972e+02 +1.57074620e-08
 2056      1 +2.86605011e+02 +1.58392943e-08
 2056      2 +2.87035950e+02 +1.57034954e-08
 2056      3 +2.87547028e+02 +1.59211400e-08
 2056      4 +2.88491333e+02 +1.62268510e-08
 2056      5 +2.89489960e+02 +1.64716649e-08
 2056      6 +2.90076385e+02 +1.70293752e-08
 2056      7 +2.90538483e+02 +1.68945640e-08
 2056      8 +2.90502167e+02 +1.64474177e-08
 2056      9 +2.89783142e+02 +1.58058207e-08
 2056     10 +2.88918182e+02 +1.54971058e-08
 2056     11 +2.87744995e+02 +1.59663074e-08
 2056     12 +2.86969818e+02 +1.58017208e-08
 2057      1 +2.86691650e+02 +1.57703610e-08
 2057      2 +2.86528931e+02 +1.59492419e-08
 2057      3 +2.87300751e+02 +1.63819571e-08
 2057      4 +2.88332397e+02 +1.58949121e-08
 2057      5 +2.89256561e+02 +1.64574150e-08
 2057      6 +2.90015015e+02 +1.66377792e-08
 2057      7 +2.90399200e+02 +1.70958607e-08
 2057      8 +2.90388184e+02 +1.62614384e-08
 2057      9 +2.89620514e+02 +1.55669255e-08
 2057     10 +2.88755524e+02 +1.54349902e-08
 2057     11 +2.87707520e+02 +1.57242699e-08
 2057     12 +2.86935638e+02 +1.59600386e-08
 2058      1 +2.86737579e+02 +1.63317662e-08
 2058      2 +2.86771423e+02 +1.63443534e-08
 2058      3 +2.87375214e+02 +1.61963900e-08
 2058      4 +2.88407745e+02 +1.59600937e-08
 2058      5 +2.89362213e+02 +1.67309668e-08
 2058      6 +2.90060425e+02 +1.73323329e-08
 2058      7 +2.90515320e+02 +1.69087979e-08
 2058      8 +2.90604004e+02 +1.69703842e-08
 2058      9 +2.89921021e+02 +1.54179904e-08
 2058     10 +2.88982300e+02 +1.51604862e-08
 2058     11 +2.87972931e+02 +1.57545887e-08
 2058     12 +2.87086670e+02 +1.56005271e-08
 2059      1 +2.86760681e+02 +1.59112599e-08
 2059      2 +2.86847443e+02 +1.64327272e-08
 2059      3 +2.87426910e+02 +1.59148996e-08
 2059      4 +2.88369110e+02 +1.60751714e-08
 2059      5 +2.89383423e+02 +1.71260091e-08
 2059      6 +2.90091400e+02 +1.69544752e-08
 2059      7 +2.90603302e+02 +1.73009340e-08
 2059      8 +2.90363464e+02 +1.63307803e-08
 2059      9 +2.89604523e+02 +1.54314677e-08
 2059     10 +2.88783630e+02 +1.54964681e-08
 2059     11 +2.87797729e+02 +1.59957612e-08
 2059     12 +2.86905426e+02 +1.49150079e-08
 2060      1 +2.86369598e+02 +1.52772621e-08
 2060      2 +2.86829254e+02 +1.59381948e-08
 2060      3 +2.87304291e+02 +1.65784790e-08
 2060      4 +2.88330902e+02 +1.64693486e-08
 2060      5 +2.89152496e+02 +1.62502118e-08
 2060      6 +2.89876007e+02 +1.66895155e-08
 2060      7 +2.90319244e+02 +1.71036483e-08
 2060      8 +2.90363556e+02 +1.66742442e-08
 2060      9 +2.89775696e+02 +1.58429838e-08
 2060     10 +2.88745758e+02 +1.50301513e-08
 2060     11 +2.87638428e+02 +1.54818540e-08
 2060     12 +2.86840851e+02 +1.55518816e-08
 2061      1 +2.86648499e+02 +1.57148818e-08
 2061      2 +2.86919342e+02 +1.59005147e-08
 2061      3 +2.87585541e+02 +1.64030975e-08
 2061      4 +2.88472870e+02 +1.58635665e-08
 2061      5 +2.89479248e+02 +1.66985590e-08
 2061      6 +2.90240875e+02 +1.69786905e-08
 2061      7 +2.90548645e+02 +1.71493344e-08
 2061      8 +2.90366150e+02 +1.62168678e-08
 2061      9 +2.89907104e+02 +1.54078137e-08
 2061     10 +2.88989410e+02 +1.54889808e-08
 2061     11 +2.88047729e+02 +1.56770614e-08
 2061     12 +2.87320129e+02 +1.54686877e-08
 2062      1 +2.86913666e+02 +1.60983102e-08
 2062      2 +2.87134155e+02 +1.54766280e-08
 2062      3 +2.87623779e+02 +1.54429713e-08
 2062      4 +2.88534241e+02 +1.55977915e-08
 2062      5 +2.89448730e+02 +1.65282241e-08
 2062      6 +2.90168793e+02 +1.69247425e-08
 2062      7 +2.90609619e+02 +1.70739991e-08
 2062      8 +2.90609070e+02 +1.67627601e-08
 2062      9 +2.90035004e+02 +1.60809570e-08
 2062     10 +2.88871399e+02 +1.54529030e-08
 2062     11 +2.87892731e+02 +1.53600279e-08
 2062     12 +2.87078278e+02 +1.51742690e-08
 2063      1 +2.86495941e+02 +1.55425415e-08
 2063      2 +2.86720245e+02 +1.60094817e-08
 2063      3 +2.87362732e+02 +1.59844866e-08
 2063      4 +2.88208313e+02 +1.58988094e-08
 2063      5 +2.89268066e+02 +1.64222609e-08
 2063      6 +2.89924591e+02 +1.72046821e-08
 2063      7 +2.90481079e+02 +1.72144770e-08
 2063      8 +2.90427612e+02 +1.73814954e-08
 2063      9 +2.89748260e+02 +1.60638507e-08
 2063     10 +2.88801758e+02 +1.54567648e-08
 2063     11 +2.87787811e+02 +1.58313274e-08
 2063     12 +2.86958008e+02 +1.60836073e-08
 2064      1 +2.86664764e+02 +1.59533720e-08
 2064      2 +2.86903168e+02 +1.60771236e-08
 2064      3 +2.87655823e+02 +1.65678440e-08
 2064      4 +2.88477631e+02 +1.63129918e-08
 2064      5 +2.89429565e+02 +1.61601257e-08
 2064      6 +2.90109680e+02 +1.64850462e-08
 2064      7 +2.90520599e+02 +1.75476966e-08
 2064      8 +2.90514679e+02 +1.66750933e-08
 2064      9 +2.89976166e+02 +1.54141144e-08
 2064     10 +2.89066803e+02 +1.52684354e-08
 2064     11 +2.88092834e+02 +1.59715103e-08
 2064     12 +2.87205658e+02 +1.59662115e-08
 2065      1 +2.86961609e+02 +1.55795234e-08
 2065      2 +2.87434631e+02 +1.56929421e-08
 2065      3 +2.87704681e+02 +1.59432947e-08
 2065      4 +2.88587463e+02 +1.64347451e-08
 2065      5 +2.89487549e+02 +1.61301674e-08
 2065      6 +2.90189209e+02 +1.73253252e-08
 2065      7 +2.90611969e+02 +1.69857408e-08
 2065      8 +2.90496124e+02 +1.62323328e-08
 2065      9 +2.90034515e+02 +1.51316577e-08
 2065     10 +2.89110382e+02 +1.55844457e-08
 2065     11 +2.88185760e+02 +1.55686486e-08
 2065     12 +2.87095123e+02 +1.60087534e-08
 2066      1 +2.86791748e+02 +1.61433817e-08
 2066      2 +2.86822632e+02 +1.57009250e-08
 2066      3 +2.87791901e+02 +1.62035096e-08
 2066      4 +2.88711609e+02 +1.68694783e-08
 2066      5 +2.89517639e+02 +1.59746829e-08
 2066      6 +2.90174072e+02 +1.70590244e-08
 2066      7 +2.90621582e+02 +1.73371593e-08
 2066      8 +2.90525116e+02 +1.70783938e-08
 2066      9 +2.89824768e+02 +1.63291762e-08
 2066     10 +2.88999451e+02 +1.57642379e-08
 2066     11 +2.88051758e+02 +1.58883164e-08
 2066     12 +2.87193481e+02 +1.60709934e-08
 2067      1 +2.86829407e+02 +1.62588449e-08
 2067      2 +2.86979492e+02 +1.58718585e-08
 2067      3 +2.87697357e+02 +1.67088761e-08
 2067      4 +2.88813477e+02 +1.61698246e-08
 2067      5 +2.89604919e+02 +1.67222289e-08
 2067      6 +2.90313354e+02 +1.70639733e-08
 2067      7 +2.90689362e+02 +1.72386656e-08
 2067      8 +2.90464874e+02 +1.64478493e-08
 2067      9 +2.89850800e+02 +1.58408646e-08
 2067     10 +2.88946075e+02 +1.51194719e-08
 2067     11 +2.87945984e+02 +1.53644582e-08
 2067     12 +2.87166260e+02 +1.55938977e-08
 2068      1 +2.86917358e+02 +1.54467443e-08
 2068      2 +2.87083252e+02 +1.63279488e-08
 2068      3 +2.87675323e+02 +1.63432770e-08
 2068      4 +2.88598877e+02 +1.64044582e-08
 2068      5 +2.89550751e+02 +1.65732796e-08
 2068      6 +2.90224915e+02 +1.68229590e-08
 2068      7 +2.90671753e+02 +1.67289755e-08
 2068      8 +2.90612457e+02 +1.70802537e-08
 2068      9 +2.90081787e+02 +1.53922155e-08
 2068     10 +2.89164459e+02 +1.53345319e-08
 2068     11 +2.88317627e+02 +1.57479736e-08
 2068     12 +2.87299225e+02 +1.60686024e-08
 2069      1 +2.87182770e+02 +1.62433142e-08
 2069      2 +2.87401825e+02 +1.62887073e-08
 2069      3 +2.87643555e+02 +1.59842699e-08
 2069      4 +2.88712769e+02 +1.63530043e-08
 2069      5 +2.89583954e+02 +1.59225326e-08
 2069      6 +2.90235840e+02 +1.70874266e-08
 2069      7 +2.90762970e+02 +1.74329262e-08
 2069      8 +2.90785461e+02 +1.74412875e-08
 2069      9 +2.89978607e+02 +1.60468865e-08
 2069     10 +2.89107971e+02 +1.55496913e-08
 2069     11 +2.87937134e+02 +1.57286539e-08
 2069     12 +2.87170135e+02 +1.53388235e-08
 2070      1 +2.86734650e+02 +1.60533489e-08
 2070      2 +2.87162048e+02 +1.59796656e-08
 2070      3 +2.87685364e+02 +1.62132192e-08
 2070      4 +2.88679169e+02 +1.62034759e-08
 2070      5 +2.89540588e+02 +1.69049166e-08
 2070      6 +2.90277771e+02 +1.74559567e-08
 2070      7 +2.90708984e+02 +1.71240018e-08
 2070      8 +2.90759064e+02 +1.70226091e-08
 2070      9 +2.90131073e+02 +1.55559281e-08
 2070     10 +2.89047302e+02 +1.53159210e-08
 2070     11 +2.88151428e+02 +1.61181681e-08
 2070     12 +2.87097168e+02 +1.54934714e-08
 2071      1 +2.87167542e+02 +1.63662897e-08
 2071      2 +2.87200928e+02 +1.61341731e-08
 2071      3 +2.87820587e+02 +1.62219891e-08
 2071      4 +2.88580475e+02 +1.57248028e-08
 2071      5 +2.89610046e+02 +1.62190830e-08
 2071      6 +2.90313507e+02 +1.64930327e-08
 2071      7 +2.90757446e+02 +1.73342709e-08
 2071      8 +2.90619904e+02 +1.66083574e-08
 2071      9 +2.90138367e+02 +1.62916081e-08
 2071     10 +2.89228210e+02 +1.52941553e-08
 2071     11 +2.88181152e+02 +1.59151128e-08
 2071     12 +2.87513367e+02 +1.60022946e-08
 2072      1 +2.87103973e+02 +1.64232787e-08
 2072      2 +2.87399353e+02 +1.62752727e-08
 2072      3 +2.87898895e+02 +1.63055347e-08
 2072      4 +2.88842438e+02 +1.66808540e-08
 2072      5 +2.89738434e+02 +1.66827796e-08
 2072      6 +2.90326508e+02 +1.73551626e-08
 2072      7 +2.90833862e+02 +1.70588930e-08
 2072      8 +2.90772675e+02 +1.70517271e-08
 2072      9 +2.90135590e+02 +1.56570792e-08
 2072     10 +2.89086212e+02 +1.57977329e-08
 2072     11 +2.88172028e+02 +1.57304285e-08
 2072     12 +2.87343719e+02 +1.55666786e-08
 2073      1 +2.87054016e+02 +1.57981770e-08
 2073      2 +2.87213684e+02 +1.64714216e-08
 2073      3 +2.87579865e+02 +1.63575322e-08
 2073      4 +2.88707123e+02 +1.65824225e-08
 2073      5 +2.89584503e+02 +1.72678920e-08
 2073      6 +2.90446289e+02 +1.70012484e-08
 2073      7 +2.90775360e+02 +1.74490484e-08
 2073      8 +2.90724121e+02 +1.72014403e-08
 2073      9 +2.89997925e+02 +1.58765499e-08
 2073     10 +2.89104675e+02 +1.51340114e-08
 2073     11 +2.88084595e+02 +1.57873661e-08
 2073     12 +2.87429596e+02 +1.55613940e-08
 2074      1 +2.87130646e+02 +1.58508087e-08
 2074      2 +2.87179810e+02 +1.58033426e-08
 2074      3 +2.87945221e+02 +1.61382534e-08
 2074      4 +2.88730957e+02 +1.61687126e-08
 2074      5 +2.89613373e+02 +1.64473182e-08
 2074      6 +2.90416077e+02 +1.72507963e-08
 2074      7 +2.90934113e+02 +1.70084480e-08
 2074      8 +2.90869080e+02 +1.66126366e-08
 2074      9 +2.90105042e+02 +1.64032627e-08
 2074     10 +2.89160187e+02 +1.52418735e-08
 2074     11 +2.88435822e+02 +1.55981823e-08
 2074     12 +2.87573975e+02 +1.59608184e-08
 2075      1 +2.87241608e+02 +1.59879097e-08
 2075      2 +2.87521667e+02 +1.57208468e-08
 2075      3 +2.88077911e+02 +1.58684301e-08
 2075      4 +2.88937500e+02 +1.63947202e-08
 2075      5 +2.89898468e+02 +1.67893699e-08
 2075      6 +2.90517761e+02 +1.72433250e-08
 2075      7 +2.91012909e+02 +1.77291017e-08
 2075      8 +2.90837616e+02 +1.66914820e-08
 2075      9 +2.90058960e+02 +1.57245843e-08
 2075     10 +2.89187744e+02 +1.53447850e-08
 2075     11 +2.88205078e+02 +1.56072399e-08
 2075     12 +2.87201996e+02 +1.57976476e-08
 2076      1 +2.86938324e+02 +1.61809233e-08
 2076      2 +2.87055878e+02 +1.59701798e-08
 2076      3 +2.87536011e+02 +1.65211773e-08
 2076      4 +2.88540833e+02 +1.61201736e-08
 2076      5 +2.89502136e+02 +1.72375660e-08
 2076      6 +2.90390686e+02 +1.76829449e-08
 2076      7 +2.90801147e+02 +1.69839467e-08
 2076      8 +2.90628113e+02 +1.65941874e-08
 2076      9 +2.89987885e+02 +1.63308869e-08
 2076     10 +2.89050476e+02 +1.51841064e-08
 2076     11 +2.87928467e+02 +1.57950897e-08
 2076     12 +2.87270142e+02 +1.61666609e-08
 2077      1 +2.87088013e+02 +1.62025273e-08
 2077      2 +2.87106628e+02 +1.60141056e-08
 2077      3 +2.87759674e+02 +1.61380544e-08
 2077      4 +2.88547211e+02 +1.65420708e-08
 2077      5 +2.89550049e+02 +1.66067462e-08
 2077      6 +2.90334442e+02 +1.70530345e-08
 2077      7 +2.90649597e+02 +1.71258900e-08
 2077      8 +2.90568970e+02 +1.63035203e-08
 2077      9 +2.89957977e+02 +1.56222573e-08
 2077     10 +2.89171051e+02 +1.58974345e-08
 2077     11 +2.88123749e+02 +1.53804898e-08
 2077     12 +2.87302734e+02 +1.62269309e-08
 2078      1 +2.87089478e+02 +1.58278439e-08
 2078      2 +2.87459259e+02 +1.57757789e-08
 2078      3 +2.88047607e+02 +1.65081211e-08
 2078      4 +2.88821747e+02 +1.62531322e-08
 2078      5 +2.89663788e+02 +1.61856057e-08
 2078      6 +2.90466187e+02 +1.64384844e-08
 2078      7 +2.90791290e+02 +1.69505494e-08
 2078      8 +2.90856720e+02 +1.69157914e-08
 2078      9 +2.90249084e+02 +1.52900981e-08
 2078     10 +2.89415955e+02 +1.58190243e-08
 2078     11 +2.88374023e+02 +1.56919455e-08
 2078     12 +2.87664246e+02 +1.58542122e-08
 2079      1 +2.87209686e+02 +1.66300342e-08
 2079      2 +2.87539276e+02 +1.59990510e-08
 2079      3 +2.88028412e+02 +1.60855080e-08
 2079      4 +2.88856720e+02 +1.62030140e-08
 2079      5 +2.89720917e+02 +1.62969140e-08
 2079      6 +2.90463989e+02 +1.72662293e-08
 2079      7 +2.90928406e+02 +1.76148180e-08
 2079      8 +2.90849823e+02 +1.71232006e-08
 2079      9 +2.90269501e+02 +1.62161857e-08
 2079     10 +2.89187805e+02 +1.60231348e-08
 2079     11 +2.88146149e+02 +1.61186531e-08
 2079     12 +2.87295135e+02 +1.58505440e-08
 2080      1 +2.86904388e+02 +1.65386957e-08
 2080      2 +2.87335175e+02 +1.61632787e-08
 2080      3 +2.87716400e+02 +1.59335247e-08
 2080      4 +2.88605530e+02 +1.65897553e-08
 2080      5 +2.89601898e+02 +1.70422023e-08
 2080      6 +2.90425659e+02 +1.65219607e-08
 2080      7 +2.90816559e+02 +1.73825629e-08
 2080      8 +2.90896149e+02 +1.73242540e-08
 2080      9 +2.90193298e+02 +1.60248241e-08
 2080     10 +2.89207642e+02 +1.60895830e-08
 2080     11 +2.88205200e+02 +1.59433391e-08
 2080     12 +2.87428955e+02 +1.59557700e-08
 2081      1 +2.87115082e+02 +1.55319206e-08
 2081      2 +2.87184326e+02 +1.55885242e-08
 2081      3 +2.87686127e+02 +1.60233391e-08
 2081      4 +2.88820587e+02 +1.58876983e-08
 2081      5 +2.89735992e+02 +1.66441740e-08
 2081      6 +2.90445709e+02 +1.64854939e-08
 2081      7 +2.90904205e+02 +1.74903896e-08
 2081      8 +2.90870605e+02 +1.70462879e-08
 2081      9 +2.90215149e+02 +1.63023390e-08
 2081     10 +2.89354523e+02 +1.56634883e-08
 2081     11 +2.88322266e+02 +1.57754521e-08
 2081     12 +2.87210327e+02 +1.64004881e-08
 2082      1 +2.87036285e+02 +1.56116684e-08
 2082      2 +2.87179047e+02 +1.68291674e-08
 2082      3 +2.87935913e+02 +1.61050231e-08
 2082      4 +2.88855560e+02 +1.61453233e-08
 2082      5 +2.89568237e+02 +1.70529102e-08
 2082      6 +2.90424347e+02 +1.72551644e-08
 2082      7 +2.90870911e+02 +1.74772179e-08
 2082      8 +2.90889709e+02 +1.68494800e-08
 2082      9 +2.90232422e+02 +1.59586513e-08
 2082     10 +2.89407227e+02 +1.60067142e-08
 2082     11 +2.88450867e+02 +1.58897304e-08
 2082     12 +2.87665222e+02 +1.56657212e-08
 2083      1 +2.87351196e+02 +1.59328426e-08
 2083      2 +2.87352722e+02 +1.62291602e-08
 2083      3 +2.88072144e+02 +1.58056892e-08
 2083      4 +2.88862885e+02 +1.66944574e-08
 2083      5 +2.89866974e+02 +1.63715974e-08
 2083      6 +2.90516815e+02 +1.70245276e-08
 2083      7 +2.90999756e+02 +1.69988663e-08
 2083      8 +2.91149780e+02 +1.74297821e-08
 2083      9 +2.90287628e+02 +1.57235451e-08
 2083     10 +2.89169830e+02 +1.52615964e-08
 2083     11 +2.88421265e+02 +1.57154414e-08
 2083     12 +2.87553925e+02 +1.54453819e-08
 2084      1 +2.87246124e+02 +1.60245008e-08
 2084      2 +2.87223999e+02 +1.62970277e-08
 2084      3 +2.87876434e+02 +1.58750453e-08
 2084      4 +2.88765381e+02 +1.60827263e-08
 2084      5 +2.89644684e+02 +1.64265703e-08
 2084      6 +2.90394196e+02 +1.68935017e-08
 2084      7 +2.90834320e+02 +1.74700556e-08
 2084      8 +2.90913147e+02 +1.70154788e-08
 2084      9 +2.90149261e+02 +1.62016551e-08
 2084     10 +2.89136200e+02 +1.53122865e-08
 2084     11 +2.88222778e+02 +1.52923203e-08
 2084     12 +2.87332367e+02 +1.59786975e-08
 2085      1 +2.87091949e+02 +1.62723151e-08
 2085      2 +2.87328369e+02 +1.56477391e-08
 2085      3 +2.87783112e+02 +1.65977507e-08
 2085      4 +2.88868469e+02 +1.65775749e-08
 2085      5 +2.89735870e+02 +1.71602004e-08
 2085      6 +2.90518463e+02 +1.74736190e-08
 2085      7 +2.90866791e+02 +1.75988877e-08
 2085      8 +2.90837860e+02 +1.70523151e-08
 2085      9 +2.90206146e+02 +1.53477000e-08
 2085     10 +2.89286530e+02 +1.57076308e-08
 2085     11 +2.88300385e+02 +1.56304427e-08
 2085     12 +2.87301605e+02 +1.54451136e-08
 2086      1 +2.86934052e+02 +1.63621703e-08
 2086      2 +2.87371521e+02 +1.62391487e-08
 2086      3 +2.87902740e+02 +1.60058438e-08
 2086      4 +2.88734802e+02 +1.54410795e-08
 2086      5 +2.89647095e+02 +1.69645666e-08
 2086      6 +2.90405975e+02 +1.71466841e-08
 2086      7 +2.91078888e+02 +1.82382589e-08
 2086      8 +2.91101074e+02 +1.66174914e-08
 2086      9 +2.90311157e+02 +1.55103859e-08
 2086     10 +2.89310547e+02 +1.54346722e-08
 2086     11 +2.88391144e+02 +1.59873110e-08
 2086     12 +2.87571564e+02 +1.60353153e-08
 2087      1 +2.87250580e+02 +1.58034315e-08
 2087      2 +2.87409210e+02 +1.55604809e-08
 2087      3 +2.88136444e+02 +1.62347007e-08
 2087      4 +2.89017365e+02 +1.68289365e-08
 2087      5 +2.90046204e+02 +1.66505263e-08
 2087      6 +2.90731445e+02 +1.68460943e-08
 2087      7 +2.91092621e+02 +1.71721002e-08
 2087      8 +2.91016846e+02 +1.68527610e-08
 2087      9 +2.90310425e+02 +1.65851688e-08
 2087     10 +2.89434967e+02 +1.57306559e-08
 2087     11 +2.88428986e+02 +1.53886308e-08
 2087     12 +2.87603149e+02 +1.59677747e-08
 2088      1 +2.87199707e+02 +1.59318549e-08
 2088      2 +2.86907654e+02 +1.62029412e-08
 2088      3 +2.87626831e+02 +1.62469433e-08
 2088      4 +2.88781067e+02 +1.66889897e-08
 2088      5 +2.89673187e+02 +1.71839307e-08
 2088      6 +2.90389526e+02 +1.75002786e-08
 2088      7 +2.90947418e+02 +1.71286452e-08
 2088      8 +2.90932648e+02 +1.72476788e-08
 2088      9 +2.90128967e+02 +1.60800600e-08
 2088     10 +2.89088715e+02 +1.52283786e-08
 2088     11 +2.88275055e+02 +1.56786140e-08
 2088     12 +2.87292450e+02 +1.53239039e-08
 2089      1 +2.86993439e+02 +1.59776228e-08
 2089      2 +2.87052399e+02 +1.64879754e-08
 2089      3 +2.87742737e+02 +1.64301532e-08
 2089      4 +2.88810303e+02 +1.70099650e-08
 2089      5 +2.89671661e+02 +1.65086398e-08
 2089      6 +2.90312256e+02 +1.72550170e-08
 2089      7 +2.90830536e+02 +1.74200601e-08
 2089      8 +2.90894592e+02 +1.66846750e-08
 2089      9 +2.90239899e+02 +1.57207758e-08
 2089     10 +2.89379303e+02 +1.51119455e-08
 2089     11 +2.88287262e+02 +1.57126649e-08
 2089     12 +2.87283295e+02 +1.60069735e-08
 2090      1 +2.87118622e+02 +1.63237441e-08
 2090      2 +2.87166992e+02 +1.59242397e-08
 2090      3 +2.88042999e+02 +1.64693930e-08
 2090      4 +2.88842865e+02 +1.69542886e-08
 2090      5 +2.89796814e+02 +1.65238205e-08
 2090      6 +2.90438751e+02 +1.72213497e-08
 2090      7 +2.90826843e+02 +1.71876788e-08
 2090      8 +2.90867554e+02 +1.67873679e-08
 2090      9 +2.90108643e+02 +1.63269522e-08
 2090     10 +2.89161957e+02 +1.58881157e-08
 2090     11 +2.88036804e+02 +1.62238507e-08
 2090     12 +2.87261169e+02 +1.58505316e-08
 2091      1 +2.86725494e+02 +1.58131304e-08
 2091      2 +2.87180115e+02 +1.64144609e-08
 2091      3 +2.87928131e+02 +1.65726064e-08
 2091      4 +2.88611725e+02 +1.64420797e-08
 2091      5 +2.89601929e+02 +1.73504340e-08
 2091      6 +2.90339539e+02 +1.71838117e-08
 2091      7 +2.90864899e+02 +1.70757666e-08
 2091      8 +2.90845337e+02 +1.72659611e-08
 2091      9 +2.90139038e+02 +1.52795270e-08
 2091     10 +2.89117401e+02 +1.54411133e-08
 2091     11 +2.88262512e+02 +1.58214082e-08
 2091     12 +2.87287018e+02 +1.60337574e-08
 2092      1 +2.87233368e+02 +1.58084834e-08
 2092      2 +2.87333679e+02 +1.58062630e-08
 2092      3 +2.87811768e+02 +1.64487588e-08
 2092      4 +2.88750916e+02 +1.62964291e-08
 2092      5 +2.89707062e+02 +1.67892136e-08
 2092      6 +2.90596863e+02 +1.66315921e-08
 2092      7 +2.91043457e+02 +1.69119225e-08
 2092      8 +2.91022400e+02 +1.65742637e-08
 2092      9 +2.90393280e+02 +1.55688973e-08
 2092     10 +2.89473236e+02 +1.54524837e-08
 2092     11 +2.88314087e+02 +1.59985980e-08
 2092     12 +2.87406586e+02 +1.62353029e-08
 2093      1 +2.87225616e+02 +1.59239928e-08
 2093      2 +2.87559753e+02 +1.62679985e-08
 2093      3 +2.88216492e+02 +1.62494178e-08
 2093      4 +2.88902405e+02 +1.63374629e-08
 2093      5 +2.89968018e+02 +1.66100289e-08
 2093      6 +2.90518372e+02 +1.74829324e-08
 2093      7 +2.90943420e+02 +1.75055153e-08
 2093      8 +2.90947601e+02 +1.63709917e-08
 2093      9 +2.90212341e+02 +1.60045914e-08
 2093     10 +2.89309174e+02 +1.56766475e-08
 2093     11 +2.88459656e+02 +1.61875473e-08
 2093     12 +2.87466187e+02 +1.56993440e-08
 2094      1 +2.87042542e+02 +1.62249805e-08
 2094      2 +2.87314270e+02 +1.66035452e-08
 2094      3 +2.88020477e+02 +1.62773155e-08
 2094      4 +2.88831329e+02 +1.61769087e-08
 2094      5 +2.89757782e+02 +1.67118355e-08
 2094      6 +2.90636078e+02 +1.71194667e-08
 2094      7 +2.91065308e+02 +1.72606889e-08
 2094      8 +2.91016266e+02 +1.71735053e-08
 2094      9 +2.90337006e+02 +1.54414543e-08
 2094     10 +2.89367950e+02 +1.56721303e-08
 2094     11 +2.88416595e+02 +1.61287357e-08
 2094     12 +2.87753967e+02 +1.57240887e-08
 2095      1 +2.87428070e+02 +1.56633568e-08
 2095      2 +2.87418518e+02 +1.55231010e-08
 2095      3 +2.88040680e+02 +1.61951537e-08
 2095      4 +2.89030640e+02 +1.63195324e-08
 2095      5 +2.89912476e+02 +1.69389232e-08
 2095      6 +2.90762329e+02 +1.74065544e-08
 2095      7 +2.91181366e+02 +1.70197154e-08
 2095      8 +2.90989868e+02 +1.67494711e-08
 2095      9 +2.90331543e+02 +1.59835576e-08
 2095     10 +2.89455841e+02 +1.56107447e-08
 2095     11 +2.88421265e+02 +1.58389089e-08
 2095     12 +2.87678925e+02 +1.57025255e-08
 2096      1 +2.87058441e+02 +1.61765499e-08
 2096      2 +2.87341309e+02 +1.59320468e-08
 2096      3 +2.87807770e+02 +1.61395217e-08
 2096      4 +2.88882416e+02 +1.64539458e-08
 2096      5 +2.89654419e+02 +1.61522689e-08
 2096      6 +2.90579407e+02 +1.76347932e-08
 2096      7 +2.90921204e+02 +1.72450552e-08
 2096      8 +2.90794342e+02 +1.67976886e-08
 2096      9 +2.90198517e+02 +1.54672151e-08
 2096     10 +2.89308228e+02 +1.54722777e-08
 2096     11 +2.88411560e+02 +1.58936899e-08
 2096     12 +2.87506622e+02 +1.58047051e-08
 2097      1 +2.87447144e+02 +1.62669345e-08
 2097      2 +2.87388428e+02 +1.65912120e-08
 2097      3 +2.87946869e+02 +1.56731073e-08
 2097      4 +2.89034149e+02 +1.68163474e-08
 2097      5 +2.89749359e+02 +1.66303220e-08
 2097      6 +2.90563599e+02 +1.68246146e-08
 2097      7 +2.90903595e+02 +1.72684906e-08
 2097      8 +2.90968323e+02 +1.71099916e-08
 2097      9 +2.90290771e+02 +1.59333524e-08
 2097     10 +2.89291656e+02 +1.53663571e-08
 2097     11 +2.88503143e+02 +1.60213016e-08
 2097     12 +2.87543457e+02 +1.60847016e-08
 2098      1 +2.87206787e+02 +1.64563776e-08
 2098      2 +2.87260834e+02 +1.64063394e-08
 2098      3 +2.87768951e+02 +1.64181309e-08
 2098      4 +2.88814789e+02 +1.67327308e-08
 2098      5 +2.89653076e+02 +1.66283893e-08
 2098      6 +2.90538971e+02 +1.68175447e-08
 2098      7 +2.91036438e+02 +1.72213035e-08
 2098      8 +2.90929016e+02 +1.71266574e-08
 2098      9 +2.90206055e+02 +1.57910698e-08
 2098     10 +2.89181213e+02 +1.53165267e-08
 2098     11 +2.88291748e+02 +1.54149227e-08
 2098     12 +2.87476196e+02 +1.57656288e-08
 2099      1 +2.87127655e+02 +1.62929847e-08
 2099      2 +2.87237671e+02 +1.64065082e-08
 2099      3 +2.87964722e+02 +1.62090892e-08
 2099      4 +2.88900513e+02 +1.60318940e-08
 2099      5 +2.89882812e+02 +1.69498140e-08
 2099      6 +2.90622040e+02 +1.72891941e-08
 2099      7 +2.91004486e+02 +1.73914998e-08
 2099      8 +2.91020172e+02 +1.77748554e-08
 2099      9 +2.90411560e+02 +1.65560721e-08
 2099     10 +2.89500427e+02 +1.60307181e-08
 2099     11 +2.88600098e+02 +1.61501070e-08
 2099     12 +2.87649506e+02 +1.61957558e-08