 Year  GRAZING_AREA (km^2)  HARVEST_SH1_AREA (km^2)  HARVEST_SH2_AREA (km^2)  HARVEST_SH3_AREA (km^2)  HARVEST_VH1_AREA (km^2)  HARVEST_VH2_AREA (km^2)  HARVEST_AREA (km^2)     AREA (km^2)  BARE_AREA (km^2)  FOREST_AREA (km^2)  SHRUB_AREA (km^2)  GRASS_AREA (km^2)  CROP_AREA (km^2)
 2015      +2.35743178e+11          +3.62688659e+08          +6.95550578e+09          +2.60225615e+09          +7.15764046e+08          +4.30541861e+08      +1.10667565e+10 +1.80285798e+08   +4.07209970e+07     +5.41163886e+07    +1.34513324e+07    +3.23769439e+07   +1.77784162e+07
 2016      +2.32715833e+11          +1.50318355e+08          +2.00170888e+09          +2.74829906e+08          +8.26082317e+08          +3.92157157e+08      +3.64509662e+09 +1.78589901e+08   +4.03195864e+07     +5.36558394e+07    +1.33177906e+07    +3.19382233e+07   +1.77222009e+07
 2017      +2.27751756e+11          +1.63834195e+08          +2.52369117e+09          +3.41858641e+08          +7.19046626e+08          +3.30124172e+08      +4.07855480e+09 +1.75418556e+08   +3.95842143e+07     +5.27431305e+07    +1.30749676e+07    +3.12476438e+07   +1.75165492e+07
 2018      +2.33901453e+11          +1.78071635e+08          +2.50455872e+09          +3.90765237e+08          +7.33627091e+08          +3.24446889e+08      +4.13146958e+09 +1.80898694e+08   +4.07991032e+07     +5.44250512e+07    +1.34774777e+07    +3.21048621e+07   +1.81762276e+07
 2019      +2.30163470e+11          +1.98566959e+08          +2.63656358e+09          +3.93119878e+08          +7.04989919e+08          +3.24127155e+08      +4.25736750e+09 +1.78820071e+08   +4.03075537e+07     +5.38266073e+07    +1.33169484e+07    +3.16265368e+07   +1.80782782e+07
 2020      +2.29311007e+11          +2.02831829e+08          +2.65541097e+09          +4.01934305e+08          +7.09012368e+08          +3.36871491e+08      +4.30606096e+09 +1.79358810e+08   +4.04045914e+07     +5.40077926e+07    +1.33516259e+07    +3.16220584e+07   +1.82433268e+07
 2021      +2.14153128e+11          +1.92517442e+08          +2.56174673e+09          +3.84944151e+08          +6.67719300e+08          +3.30414632e+08      +4.13734226e+09 +1.68366762e+08   +3.78944620e+07     +5.06650058e+07    +1.25063933e+07    +2.94655762e+07   +1.74376023e+07
 2022      +2.15476458e+11          +2.04413145e+08          +2.63349448e+09          +3.96959734e+08          +6.71665570e+08          +3.54950976e+08      +4.26148390e+09 +1.70135528e+08   +3.82572139e+07     +5.11416216e+07    +1.26124026e+07    +2.95759378e+07   +1.79363429e+07
 2023      +2.23904288e+11          +2.17665337e+08          +2.83379587e+09          +4.40957321e+08          +6.98203150e+08          +3.64003595e+08      +4.55462527e+09 +1.77541598e+08   +3.98845712e+07     +5.32871570e+07    +1.31364811e+07    +3.06778051e+07   +1.90463257e+07
 2024      +2.13262363e+11          +2.10366056e+08          +2.76866798e+09          +4.52392913e+08          +6.77678395e+08          +3.44925268e+08      +4.45403061e+09 +1.69923355e+08   +3.81349434e+07     +5.09049082e+07    +1.25497529e+07    +2.92036709e+07   +1.85437753e+07
 2025      +2.09580648e+11          +2.10540966e+08          +2.81162824e+09          +4.58540759e+08          +6.80517866e+08          +3.51271839e+08      +4.51249967e+09 +1.68278462e+08   +3.77237357e+07     +5.03023070e+07    +1.24065423e+07    +2.87841808e+07   +1.86746717e+07
 2026      +2.24087647e+11          +2.28575165e+08          +3.08691556e+09          +5.10682951e+08          +7.39350405e+08          +3.87423103e+08      +4.95294718e+09 +1.80019713e+08   +4.03229355e+07     +5.38587419e+07    +1.32446964e+07    +3.07456254e+07   +2.00382301e+07
 2027      +2.14207671e+11          +2.21289643e+08          +3.06792647e+09          +5.44142997e+08          +7.13654658e+08          +3.44028929e+08      +4.89104270e+09 +1.72209630e+08   +3.85413937e+07     +5.15547576e+07    +1.26459736e+07    +2.93773974e+07   +1.92268195e+07
 2028      +2.16751212e+11          +2.24663533e+08          +3.25074005e+09          +6.02772556e+08          +7.31167486e+08          +3.32095522e+08      +5.14143915e+09 +1.74409873e+08   +3.90007382e+07     +5.22372467e+07    +1.27845947e+07    +2.97263134e+07   +1.95311317e+07
 2029      +2.10471547e+11          +2.20019512e+08          +3.42163174e+09          +6.15195341e+08          +6.97008013e+08          +3.29113863e+08      +5.28296847e+09 +1.69547263e+08   +3.78799103e+07     +5.07948142e+07    +1.24078356e+07    +2.88803507e+07   +1.90436116e+07
 2030      +2.14163046e+11          +2.27057072e+08          +3.99814760e+09          +7.01203220e+08          +6.57561853e+08          +3.29234270e+08      +5.91320401e+09 +1.73092214e+08   +3.86347346e+07     +5.18575902e+07    +1.26507052e+07    +2.94789835e+07   +1.94999872e+07
 2031      +2.23588335e+11          +2.39225992e+08          +4.30703553e+09          +8.31324675e+08          +6.92411302e+08          +3.14902202e+08      +6.38489970e+09 +1.81324559e+08   +4.04301326e+07     +5.43262659e+07    +1.32285031e+07    +3.07364438e+07   +2.06356480e+07
 2032      +2.06534073e+11          +2.22925369e+08          +4.17259091e+09          +8.22834584e+08          +6.48928198e+08          +2.66516065e+08      +6.13379512e+09 +1.68062455e+08   +3.74321976e+07     +5.03467688e+07    +1.22404267e+07    +2.83629091e+07   +1.93192975e+07
 2033      +2.13192225e+11          +2.32480295e+08          +4.52981970e+09          +8.76366027e+08          +6.77635148e+08          +2.70632764e+08      +6.58693394e+09 +1.74096055e+08   +3.87307835e+07     +5.21404057e+07    +1.26603794e+07    +2.92599959e+07   +2.02126620e+07
 2034      +2.05038365e+11          +2.26105663e+08          +4.61730900e+09          +8.58251332e+08          +6.61979556e+08          +2.59983409e+08      +6.62362896e+09 +1.68116410e+08   +3.73551064e+07     +5.03282052e+07    +1.22079190e+07    +2.81466781e+07   +1.97111098e+07
 2035      +2.06430034e+11          +2.30483590e+08          +4.99383635e+09          +8.81181137e+08          +6.78317082e+08          +2.59538855e+08      +7.04335701e+09 +1.70394554e+08   +3.78135609e+07     +5.09815871e+07    +1.23576737e+07    +2.84267660e+07   +2.01715756e+07
 2036      +2.13440748e+11          +2.41253655e+08          +5.67878651e+09          +9.34507299e+08          +7.15514047e+08          +2.64905550e+08      +7.83496706e+09 +1.77141817e+08   +3.92882009e+07     +5.31121934e+07    +1.28306669e+07    +2.94263600e+07   +2.10235714e+07
 2037      +2.06020724e+11          +2.37015234e+08          +6.05578497e+09          +9.62396369e+08          +6.93156999e+08          +2.20422791e+08      +8.16877636e+09 +1.71864795e+08   +3.80952077e+07     +5.16121324e+07    +1.24338537e+07    +2.84532336e+07   +2.04488573e+07
 2038      +2.12188602e+11          +2.45497678e+08          +6.85066516e+09          +1.03772042e+09          +7.18089983e+08          +3.79958486e+08      +9.23193173e+09 +1.77977421e+08   +3.94256851e+07     +5.35110964e+07    +1.28622446e+07    +2.93869209e+07   +2.12294157e+07
 2039      +2.09385081e+11          +2.44542334e+08          +7.04649581e+09          +1.05736719e+09          +7.10021912e+08          +6.72572310e+08      +9.73099957e+09 +1.76686048e+08   +3.91134288e+07     +5.31690332e+07    +1.27562102e+07    +2.91135293e+07   +2.11282386e+07
 2040      +2.13053802e+11          +2.52968888e+08          +7.51524161e+09          +1.71855941e+09          +7.27051420e+08          +5.74152429e+08      +1.07879738e+10 +1.81541259e+08   +4.01601818e+07     +5.46601984e+07    +1.30954951e+07    +2.98690886e+07   +2.17624754e+07
 2041      +2.00793936e+11          +2.39875410e+08          +7.57592243e+09          +2.04766086e+09          +6.86495520e+08          +2.68365102e+08      +1.08183194e+10 +1.71744896e+08   +3.79678807e+07     +5.17781307e+07    +1.23773119e+07    +2.81763954e+07   +2.06381923e+07
 2042      +1.97984755e+11          +2.38588449e+08          +7.84591917e+09          +2.10064857e+09          +6.80540787e+08          +2.98636391e+08      +1.11643334e+10 +1.69937618e+08   +3.75429481e+07     +5.12878005e+07    +1.22361360e+07    +2.78122680e+07   +2.04704334e+07
 2043      +2.02167533e+11          +2.46016066e+08          +8.45621988e+09          +2.20462953e+09          +6.82347779e+08          +3.20914071e+08      +1.19101274e+10 +1.74164065e+08   +3.84502757e+07     +5.26090764e+07    +1.25298491e+07    +2.84447818e+07   +2.10300132e+07
 2044      +2.05210691e+11          +2.51997602e+08          +8.94774483e+09          +2.30916799e+09          +6.93270732e+08          +3.54840962e+08      +1.25570221e+10 +1.77525304e+08   +3.91648318e+07     +5.36622455e+07    +1.27616193e+07    +2.89426665e+07   +2.14866569e+07
 2045      +1.97027675e+11          +2.45236120e+08          +8.96134692e+09          +2.28673275e+09          +6.71839344e+08          +3.77450203e+08      +1.25426053e+10 +1.71709490e+08   +3.78539538e+07     +5.19289443e+07    +1.23358275e+07    +2.79566778e+07   +2.08313916e+07
 2046      +1.97297873e+11          +2.47998463e+08          +9.36312173e+09          +2.43436064e+09          +6.75985622e+08          +3.22107180e+08      +1.30435736e+10 +1.72701935e+08   +3.80471791e+07     +5.22788312e+07    +1.23950329e+07    +2.79910320e+07   +2.10669293e+07
 2047      +2.03429904e+11          +2.58840129e+08          +1.00705789e+10          +2.65403059e+09          +6.96923779e+08          +2.56366084e+08      +1.39367395e+10 +1.78885507e+08   +3.93821047e+07     +5.41834746e+07    +1.28278325e+07    +2.88795214e+07   +2.19404999e+07
 2048      +1.95090978e+11          +2.50755636e+08          +1.00776405e+10          +2.57044582e+09          +6.69682389e+08          +2.44335824e+08      +1.38128602e+10 +1.72327142e+08   +3.79116383e+07     +5.22179434e+07    +1.23471799e+07    +2.77218703e+07   +2.12509857e+07
 2049      +1.92495021e+11          +2.49850935e+08          +1.02880550e+10          +2.55141479e+09          +6.53869809e+08          +2.48940092e+08      +1.39921305e+10 +1.70914043e+08   +3.75739538e+07     +5.17985295e+07    +1.22361095e+07    +2.74085118e+07   +2.11906116e+07
 2050      +1.97986588e+11          +2.60651464e+08          +1.07269945e+10          +2.55897287e+09          +6.78279086e+08          +2.74382983e+08      +1.44992808e+10 +1.77281327e+08   +3.89448623e+07     +5.37232419e+07    +1.26831447e+07    +2.83543828e+07   +2.20979692e+07